t H V T P
0.0 -513.5007917597485 -669.2763843473571 155.77559258760854 99.97631293227984 0.0
0.1 -513.5002252491621 -618.6759021244504 105.17567687528829 67.50143722441285 0.0
0.2 -513.4999638234034 -580.6397660531653 67.13980222976195 43.090125779229496 0.0
0.3 -513.50031543907 -590.7060690994821 77.205753660412 49.550423528543604 0.0
0.4 -513.5001467858073 -581.7198608723864 68.21971408657917 43.783210003420244 0.0
0.5 -513.5000939203894 -577.0452929680977 63.54519904770823 40.78312012688855 0.0
0.6 -513.5001423200142 -577.9014197553622 64.40127743534802 41.33254869496864 0.0
0.7000000000000001 -513.5000251392105 -572.5314803347502 59.03145519553975 37.886212720763574 0.0
0.8 -513.5000467876089 -570.3251448747156 56.82509808710678 36.47017927772597 0.0
0.9 -513.5000638127168 -569.1703940163969 55.67033020368016 35.72905267785329 0.0
1.0 -513.5000140311738 -567.5217725629717 54.02175853179784 34.67100427231309 0.0
1.1 -513.5000416701573 -567.9140864612094 54.41404479105206 34.922772429074726 0.0
1.2 -513.4999947460794 -566.1002820020046 52.60028725592514 33.7587082268272 0.0
1.3 -513.5000557120773 -568.1737592593904 54.673703547313195 35.08942064809511 0.0
1.4000000000000001 -513.5000228551978 -569.0643482349319 55.56432537973412 35.661019096500034 0.0
1.5 -513.5000137592908 -572.7185319477634 59.218518188472544 38.00626919436665 0.0
1.6 -513.500127327898 -580.5449938504388 67.04486652254083 43.0291963241337 0.0
1.7 -513.5001119691882 -582.5925302587564 69.09241828956822 44.34330897044089 0.0
1.8 -513.5001323956033 -585.6020431328685 72.10191073726527 46.2747922902625 0.0
1.9000000000000001 -513.5001537794325 -589.1134854206152 75.61333164118278 48.52841180340651 0.0
2.0 -513.5002773396844 -594.2842700641969 80.78399272451244 51.846926738555915 0.0
2.1 -513.5003148301116 -591.5683106543299 78.06799582421834 50.10380798987138 0.0
2.2 -513.5000989680498 -584.3268981088356 70.82679914078584 45.45642945257013 0.0
2.3000000000000003 -513.5002532360724 -591.8332448365408 78.33299160046845 50.27388149247874 0.0
2.4 -513.5002676406716 -594.1765840676808 80.67631642700917 51.77782041043508 0.0
2.5 -513.5000730000752 -586.5878456316923 73.0877726316171 46.90751552771253 0.0
2.6 -513.5001134351032 -584.5984961085943 71.09838267349107 45.63073095771588 0.0
2.7 -513.5001510769362 -582.7507217059247 69.25057062898848 44.444810672435445 0.0
2.8000000000000003 -513.5000289810587 -576.5187814697736 63.01875248871492 40.445248287983894 0.0
2.9 -513.5001667737697 -580.193017894381 66.69285112061128 42.803273884066606 0.0
3.0 -513.5001129475684 -578.2053769924522 64.70526404488389 41.527646398641885 0.0
3.1 -513.4999918822457 -573.858802937395 60.35881105514928 38.738105771455615 0.0
3.2 -513.500132227012 -578.3920631952362 64.8919309682242 41.64744867595616 0.0
3.3000000000000003 -513.500069188593 -577.2744834913394 63.77441430274647 40.93022979718987 0.0
3.4 -513.5000969527105 -576.1160944703911 62.61599751768067 40.18676134307624 0.0
3.5 -513.5001465076932 -577.4292172497604 63.92907074206721 41.029487840877465 0.0
3.6 -513.5000733180966 -578.5385105740442 65.03843725594751 41.74147597654071 0.0
3.7 -513.5001081755511 -580.8947584647734 67.39465028922228 43.25368650732276 0.0
3.8000000000000003 -513.500145339368 -581.997012631791 68.49686729242295 43.961086108253795 0.0
3.9 -513.5001460734126 -582.941935755574 69.44178968216147 44.567534493164196 0.0
4.0 -513.5000854580131 -583.703743063189 70.20365760517585 45.05649906469368 0.0
4.1 -513.5001930445433 -588.9999858740279 75.49979282948453 48.45554293107711 0.0
4.2 -513.5001293685663 -588.828070555371 75.32794118680476 48.345249056914405 0.0
4.3 -513.5001479319596 -588.2841913485347 74.784043416575 47.99617708243883 0.0
4.4 -513.5001403031429 -589.5933554074476 76.09321510430475 48.8363995855947 0.0
4.5 -513.5002390285127 -589.0226485353652 75.5224095068525 48.47005824747853 0.0
4.6000000000000005 -513.5000628393617 -580.8260026894483 67.32593985008661 43.20958835143946 0.0
4.7 -513.5001719416291 -581.6088599320223 68.10868799039312 43.71195378444804 0.0
4.8 -513.5000617136834 -578.5135547892129 65.01349307552945 41.725466875590506 0.0
4.9 -513.5002518250798 -580.6280515593663 67.12779973428651 43.08242261326049 0.0
5.0 -513.5000641492122 -578.5467954282502 65.046731279038 41.74679905594095 0.0
5.1000000000000005 -513.5001161203918 -580.1591454448468 66.659029324455 42.78156715568712 0.0
5.2 -513.5000940187962 -582.4068863170654 68.90679229826922 44.22417476022092 0.0
5.3 -513.5001076364391 -583.5295480471191 70.02944041068 44.9446869863971 0.0
5.4 -513.5000197721503 -581.6485830417176 68.14856326956739 43.73754562025985 0.0
5.5 -513.5001226993542 -586.5302482397094 73.03012554035521 46.87051779565516 0.0
5.6000000000000005 -513.5001942706747 -588.2529873201833 74.75279304950857 47.9761206896164 0.0
5.7 -513.5000394281699 -579.9920716012713 66.49203217310139 42.6743888796479 0.0
5.8 -513.5001631525462 -580.6010731650251 67.10091001247898 43.065164869621476 0.0
5.9 -513.5001413489318 -578.5402545151888 65.04011316625703 41.74255157080274 0.0
6.0 -513.5000797312994 -575.9718201570138 62.47174042571445 40.09417756965227 0.0
6.1000000000000005 -513.5001614430093 -581.8004929155128 68.30033147250349 43.83495000240897 0.0
6.2 -513.5001460392629 -584.1285172212947 70.62837118203188 45.32907897763779 0.0
6.3 -513.5001367391981 -584.0123009711167 70.51216423191859 45.25449770199347 0.0
6.4 -513.5001414669223 -582.1806786306922 68.68053716376996 44.07896488649495 0.0
6.5 -513.5000617541851 -577.700944419044 64.20088266485891 41.20393592610279 0.0
6.6000000000000005 -513.5001019451794 -578.0923182948816 64.59221634970217 41.45509272343501 0.0
6.7 -513.5001251489487 -578.3896051061935 64.88947995724477 41.64587562438493 0.0
6.8 -513.5000951392591 -573.8117159490456 60.31162080978648 38.7078192120571 0.0
6.9 -513.5000759699203 -571.5996425157782 58.09956654585786 37.28812935153332 0.0
7.0 -513.5001331895542 -572.7060472874045 59.205914097850425 37.99817992641824 0.0
7.1000000000000005 -513.5000784993028 -569.8761936523294 56.37611515302664 36.18202336335444 0.0
7.2 -513.5000588609055 -571.1799615337151 57.67990267280961 37.01879032350396 0.0
7.3 -513.5001408458513 -576.7830354857169 63.28289463986564 40.61477393653631 0.0
7.4 -513.5000691833237 -577.2459778897315 63.74590870640784 40.91193499007322 0.0
7.5 -513.5000884872591 -576.3282564662727 62.82816797901364 40.322931715371766 0.0
7.6000000000000005 -513.5000668500753 -575.5402816751923 62.04021482511698 39.817225720091116 0.0
7.7 -513.5001422847338 -576.5758533608852 63.075711076151435 40.481804140329835 0.0
7.8 -513.5000976636215 -575.4515300985411 61.951432434919546 39.760245445596176 0.0
7.9 -513.5001076818962 -578.5432441764551 65.04313649455891 41.74449193393271 0.0
8.0 -513.5000727596397 -582.0216399116583 68.52156715201862 43.976938404825425 0.0
8.1 -513.5001966027412 -586.22144778436 72.72125118161878 46.67228314905337 0.0
8.2 -513.5000869922147 -579.957939767496 66.45785277528128 42.65245264358205 0.0
8.3 -513.5002032419953 -579.6759428482886 66.17573960629332 42.47139324912528 0.0
8.4 -513.5000424940906 -578.258420502584 64.75837800849344 41.56173478282771 0.0
8.5 -513.5001539258905 -580.7632675794787 67.26311365358819 43.169266685014485 0.0
8.6 -513.5001441099214 -584.1541865245788 70.65404241465737 45.34555469853661 0.0
8.700000000000001 -513.5001257323213 -584.2875670032512 70.78744127092992 45.43116968852301 0.0
8.8 -513.5000938511366 -580.2878933344771 66.78779948334042 42.86421146142987 0.0
8.9 -513.5001362295847 -577.796374487047 64.29623825746238 41.26513486239061 0.0
9.0 -513.5001359456085 -578.5127010536521 65.0125651080436 41.724871308812574 0.0
9.1 -513.5001090241653 -580.5205549488157 67.02044592465043 43.013523256895574 0.0
9.200000000000001 -513.5002093587904 -582.3830538656733 68.88284450688295 44.2088051387937 0.0
9.3 -513.5000624558803 -578.1585252997694 64.6584628438891 41.49760952676395 0.0
9.4 -513.5001282945283 -575.7650640917493 62.26493579722103 39.9614509729457 0.0
9.5 -513.500001245927 -573.1860299777594 59.68602873183242 38.306316073378206 0.0
9.6 -513.50016174285 -581.8578992844256 68.35773754157562 43.87179304714038 0.0
9.700000000000001 -513.5001305008427 -582.4140094942259 68.91387899338318 44.22872298010953 0.0
9.8 -513.5000083837417 -578.1666806391172 64.66667225537546 41.50287830268782 0.0
9.9 -513.5001862241331 -581.26260916583 67.76242294169685 43.48972190401723 0.0
10.0 -513.5000281434574 -578.7312387644649 65.2312106210076 41.865197350024935 0.0
10.1 -513.5001892214626 -581.2107870830316 67.71059786156897 43.45646072142412 0.0
10.200000000000001 -513.4999992011793 -574.6829679597574 61.18296875857815 39.26704773915966 0.0
10.3 -513.5000618524688 -576.2134268982927 62.71336504582395 40.24925153362146 0.0
10.4 -513.5001624236213 -581.3428448479804 67.84268242435908 43.54123220175472 0.0
10.5 -513.5000506102014 -578.8195882589832 65.31953764878186 41.92188537426834 0.0
10.6 -513.5001013099974 -578.4702980111808 64.97019670118341 41.697679391052326 0.0
10.700000000000001 -513.5000658551287 -576.9594073261884 63.4593414710597 40.72801698904754 0.0
10.8 -513.5001313795455 -579.3145716931834 65.81444031363802 42.239512435547866 0.0
10.9 -513.5001215129711 -577.7535682148609 64.25344670188983 41.23767136904281 0.0
11.0 -513.5000145658261 -572.7870892922117 59.287074726385676 38.050268576902155 0.0
11.1 -513.5000935938763 -575.2093838733942 61.70929027951803 39.60483932901277 0.0
11.200000000000001 -513.5000775533762 -575.9576284442065 62.457550890830326 40.0850707682826 0.0
11.3 -513.5000735024137 -577.019730293549 63.51965679113532 40.76672718243743 0.0
11.4 -513.5001325975265 -580.6743470085358 67.17421441100929 43.11221141500796 0.0
11.5 -513.5000910802739 -579.8577644262831 66.3576733460092 42.58815778323894 0.0
11.6 -513.5000212326275 -577.59220053885 64.09217930622242 41.134170433195294 0.0
11.700000000000001 -513.5001241969516 -579.4134775515914 65.91335335463984 42.30299453165813 0.0
11.8 -513.5000721324897 -578.152163926105 64.65209179361538 41.49352060560955 0.0
11.9 -513.5001331486893 -580.2021378883445 66.70200473965524 42.80914864959822 0.0
12.0 -513.5001343878446 -581.3535904132234 67.85345602537878 43.54814666690976 0.0
12.1 -513.5001002686412 -577.2455398059709 63.74543953732969 40.911633878751495 0.0
12.200000000000001 -513.5001315160584 -579.9603595958198 66.4602280797614 42.65397710694674 0.0
12.3 -513.5001798096489 -582.4382337818845 68.93805397223556 44.24423840977814 0.0
12.4 -513.5001297465412 -578.3777992371408 64.87766949059962 41.638295701949204 0.0
12.5 -513.5001374655616 -580.8092489579519 67.30911149239039 43.19878796142183 0.0
12.6 -513.5002060225012 -579.6820076342927 66.18180161179158 42.47528382626014 0.0
12.700000000000001 -513.5000340262214 -574.2243878235289 60.7243537973075 38.972710018328115 0.0
12.8 -513.5001179762411 -580.1385970630649 66.63847908682389 42.768378074174976 0.0
12.9 -513.5001569731176 -583.903625547281 70.40346857416345 45.184737151488775 0.0
13.0 -513.5000487536968 -579.9432764881518 66.443227734455 42.6430663357914 0.0
13.1 -513.5001207114717 -574.6481387235017 61.148018012029965 39.24461645376973 0.0
13.200000000000001 -513.5000159010441 -569.914762723418 56.414746822373914 36.2068170540707 0.0
13.3 -513.5000924817448 -576.6687433273436 63.168650845598776 40.54145260848698 0.0
13.4 -513.5001163031368 -579.6572184737624 66.15710217062559 42.459431798235435 0.0
13.5 -513.5000333339334 -575.5637686975087 62.06373536357537 39.832321131857434 0.0
13.6 -513.5000497459455 -577.1713647146572 63.67131496871175 40.8640609506373 0.0
13.700000000000001 -513.5001248262395 -580.9902818228996 67.49015699666013 43.31498242866273 0.0
13.8 -513.5000901479162 -578.678085842628 65.17799569471171 41.83104416828669 0.0
13.9 -513.5000782970361 -576.9968911091088 63.49681281207271 40.75206598448308 0.0
14.0 -513.5001734536002 -577.7384240354135 64.23825058181332 41.22791854428451 0.0
14.1 -513.5001619906692 -579.968260216077 66.46809822540784 42.65902814306159 0.0
14.200000000000001 -513.5001520095403 -582.8068348913058 69.30668288176545 44.48082334970907 0.0
14.3 -513.5000939138897 -582.5688845835232 69.06879066963346 44.32814483410089 0.0
14.4 -513.5001464454002 -582.7882561351494 69.28810968974912 44.468903130204 0.0
14.5 -513.5000558572204 -579.2253521265685 65.72529626934805 42.18230005252983 0.0
14.6 -513.5000896897758 -576.7793729512181 63.27928326144233 40.612456164583925 0.0
14.700000000000001 -513.5000722639537 -575.3541761697157 61.85410390576201 39.69778028448424 0.0
14.8 -513.5000889245733 -576.0809804099746 62.580891485401295 40.16423039576497 0.0
14.9 -513.5001118304748 -575.3873690206929 61.887257190218044 39.71905796403885 0.0
15.0 -513.5001067120979 -573.9106696865266 60.410562974428636 38.7713199996333 0.0
15.1 -513.5000213783634 -567.379842060575 53.87982068221161 34.57990898176436 0.0
15.200000000000001 -513.5000869680935 -573.0297912265055 59.52970425841198 38.20598749035666 0.0
15.3 -513.5002022907805 -582.7250944509663 69.22489216018576 44.42833030737954 0.0
15.4 -513.5001152085157 -577.7447756945818 64.24466048606607 41.23203240180734 0.0
15.5 -513.5000407385064 -575.4172011674585 61.91716042895206 39.73824977389622 0.0
15.6 -513.5001168563971 -580.420893307704 66.92077645130685 42.94955568475369 0.0
15.700000000000001 -513.5000706320376 -582.2369311259691 68.73686049393153 44.115113032607475 0.0
15.8 -513.5001446114803 -583.8542635753909 70.35411896391054 45.153064718113455 0.0
15.9 -513.5000804841267 -580.177847736054 66.67776725192728 42.79359310191882 0.0
16.0 -513.5001107007904 -580.142671769494 66.64256106870353 42.77099787802873 0.0
16.1 -513.5001781848497 -583.9410890563278 70.44091087147807 45.2087675067649 0.0
16.2 -513.5000519393221 -580.1992570846991 66.69920514537698 42.80735187830051 0.0
16.3 -513.5001739703537 -578.7022137327591 65.20203976240538 41.84647557956221 0.0
16.4 -513.5000997534996 -579.1676227293854 65.66752297588579 42.14522132427487 0.0
16.5 -513.5001816165703 -580.6231659401037 67.12298432353343 43.0793320969328 0.0
16.6 -513.5000572935407 -576.3229688822993 62.82291158875847 40.3195581797086 0.0
16.7 -513.5000987460663 -578.7828200693302 65.28272132326394 41.89825676583325 0.0
16.8 -513.5001443082816 -581.0972410607128 67.59709675243118 43.38361604648612 0.0
16.9 -513.5000893622548 -578.6224585713405 65.1223692090857 41.795343254928646 0.0
17.0 -513.5001029146044 -577.2210911756529 63.72098826104849 40.89594112221322 0.0
17.1 -513.5000950769261 -575.1219938319773 61.62189875505121 39.54875170801521 0.0
17.2 -513.5000542308634 -573.2952257190422 59.79517148817881 38.37636357043164 0.0
17.3 -513.5001435289957 -575.7800888979793 62.27994536898365 39.97108407154987 0.0
17.400000000000002 -513.5000574240202 -577.0452470156546 63.54518959163438 40.78311405800842 0.0
17.5 -513.5001725749129 -581.2290635934336 67.72889101852074 43.46820121525599 0.0
17.6 -513.5000906281257 -579.5393646473624 66.03927401923667 42.383810040424656 0.0
17.7 -513.5002061863544 -580.3889930603603 66.88878687400597 42.92902486899701 0.0
17.8 -513.50001603213 -577.2643355953414 63.76431956321144 40.92375102332061 0.0
17.900000000000002 -513.5001642255554 -582.105579584714 68.60541535915851 44.03075193528022 0.0
18.0 -513.5001371673036 -582.7675733434529 69.26743617614936 44.4556349305411 0.0
18.1 -513.5001152630755 -576.8028895397275 63.30277427665207 40.627532628416894 0.0
18.2 -513.5000754510352 -577.2559232192416 63.755847768206465 40.91831385043335 0.0
18.3 -513.500211672427 -582.839032410299 69.33882073787201 44.5014493303631 0.0
18.400000000000002 -513.4999763100856 -576.0491334710479 62.549157160962295 40.14386340053737 0.0
18.5 -513.5001888146887 -580.3137723397547 66.81358352506598 42.880759582874276 0.0
18.6 -513.5001043619804 -579.1053391284378 65.60523476645736 42.1052449363545 0.0
18.7 -513.5000958273854 -576.5610476072222 63.06095177983683 40.47233166776531 0.0
18.8 -513.5000442043314 -579.0025141501774 65.502469945846 42.03929077952411 0.0
18.900000000000002 -513.5002572914667 -585.9351685665217 72.434911275055 46.48851104696671 0.0
19.0 -513.5000600423707 -578.1727699250963 64.6727098827256 41.506753233999575 0.0
19.1 -513.5001464958731 -579.0450832847947 65.54493678892165 42.06654587335524 0.0
19.2 -513.5002383202332 -577.9237923607897 64.42355404055647 41.34684575406753 0.0
19.3 -513.5002182514769 -576.718432767319 63.21821451584204 40.57326242492871 0.0
19.400000000000002 -513.5001592351374 -579.8408564233031 66.34069718816565 42.57726253552548 0.0
19.5 -513.5001767582753 -579.7687416032804 66.26856484500512 42.5309682117963 0.0
19.6 -513.5000676588428 -577.2712040283038 63.77113636946101 40.928126029337186 0.0
19.7 -513.5001482030661 -579.8930242288675 66.39287602580129 42.610750758637 0.0
19.8 -513.5000504744582 -576.3975012189582 62.897450744499906 40.36739718860804 0.0
19.900000000000002 -513.5000505718494 -577.2538017494396 63.75375117759013 40.91696826479912 0.0
20.0 -513.5001246508573 -583.4123062809513 69.91218163009403 44.86943064907759 0.0
20.1 -513.5001893112827 -580.8093946269317 67.30920531564905 43.198848176910744 0.0
20.2 -513.5000152006639 -571.227163854605 57.72714865394109 37.049112653953365 0.0
20.3 -513.5001232518007 -572.7997993551527 59.29967610335204 38.05835610323436 0.0
20.400000000000002 -513.500128268649 -575.3554974589069 61.855369190257946 39.69859234031797 0.0
20.5 -513.5000841706704 -573.8173744699213 60.31729029925085 38.71145787356652 0.0
20.6 -513.5000950317626 -573.3039412268062 59.803846195043604 38.381930971548236 0.0
20.7 -513.5000950596293 -574.5048357637696 61.004740704140374 39.15266150285784 0.0
20.8 -513.5000750951186 -577.2822493909691 63.78217429585053 40.93521013772998 0.0
20.900000000000002 -513.5001516013341 -583.4248314861383 69.92467988480414 44.87745199185183 0.0
21.0 -513.5001213078192 -581.6753034024516 68.17518209463245 43.754629503173646 0.0
21.1 -513.5000647575582 -575.3022139680551 61.802149210496815 39.66443591528074 0.0
21.2 -513.500155571141 -577.6027591992244 64.10260362808336 41.14086073202301 0.0
21.3 -513.5001428781775 -582.0719780983262 68.57183522014867 44.009200301740016 0.0
21.400000000000002 -513.5001071639134 -585.2453955417988 71.74528837788532 46.045913118578625 0.0
21.5 -513.5001642538264 -583.5264150834604 70.02625082963401 44.942639922749464 0.0
21.6 -513.4999870011501 -577.0823406052624 63.58235360411235 40.806965810902426 0.0
21.7 -513.5002028860323 -582.2930563855283 68.79285349949598 44.15104917737407 0.0
21.8 -513.5000571357141 -579.5574734857748 66.05741635006078 42.39545373449548 0.0
21.900000000000002 -513.5001165880924 -582.3560121951316 68.85589560703919 44.1915094148667 0.0
22.0 -513.5001745915945 -581.712173552529 68.21199896093445 43.77825845868236 0.0
22.1 -513.4999958890078 -574.1151268215829 60.61513093257514 38.90261110795035 0.0
22.2 -513.5001304692901 -577.5145433349271 64.01441286563701 41.08426016246258 0.0
22.3 -513.500094209711 -577.9242421994484 64.42414798973726 41.34722694888873 0.0
22.400000000000002 -513.5000596711578 -575.5236254263082 62.02356575515038 39.80654039640618 0.0
22.5 -513.500050538978 -576.1772483151517 62.67719777617366 40.226039487315624 0.0
22.6 -513.5001386854965 -579.6063978973415 66.10625921184499 42.42680093820777 0.0
22.7 -513.500091332198 -577.3108019959839 63.810710663785855 40.95352469396605 0.0
22.8 -513.5000584361334 -574.028286003537 60.52822756740365 38.84683678613952 0.0
22.900000000000002 -513.5000756332361 -574.2782986409725 60.77822300773636 39.00728311768077 0.0
23.0 -513.5002080960778 -577.1411638572812 63.64095576120343 40.844576501374036 0.0
23.1 -513.4999319348144 -573.9307918851525 60.43085995033815 38.78434653852428 0.0
23.2 -513.5002908557182 -584.2820027527027 70.78171189698453 45.42749259333142 0.0
23.3 -513.4999848267724 -577.0971956067704 63.59721077999789 40.81650110228504 0.0
23.400000000000002 -513.5001360546753 -578.6705802437536 65.17044418907832 41.8261976343864 0.0
23.5 -513.5000818911674 -580.4149265491072 66.91484465793988 42.94574867737818 0.0
23.6 -513.5001860417096 -580.7264540294351 67.22626798772552 43.14561924603322 0.0
23.7 -513.5000609939112 -576.6521217320665 63.15206073815525 40.530805126774325 0.0
23.8 -513.500099167199 -574.3924252293151 60.892326062116105 39.08051411928831 0.0
23.900000000000002 -513.5001242010401 -573.7693866394491 60.26926243840903 38.68063373503989 0.0
24.0 -513.5001109595931 -574.5438177474131 61.04370678781997 39.177669819699936 0.0
24.1 -513.5000730792924 -575.5961600281074 62.09608694881498 39.85308428323464 0.0
24.2 -513.500112099911 -579.1027708229223 65.60265872301129 42.10359163931731 0.0
24.3 -513.5001111046768 -579.5097182231183 66.00960711844148 42.364769911554895 0.0
24.400000000000002 -513.5000817437748 -578.0826141863926 64.58253244261775 41.448877620613075 0.0
24.5 -513.5001069175618 -579.6824022050764 66.18229528751468 42.475600665873834 0.0
24.6 -513.5001415518418 -581.4966899934558 67.99654844161395 43.639982954906664 0.0
24.7 -513.5001883370927 -581.2449237333702 67.74473539627749 43.47837008986923 0.0
24.8 -513.5000683191971 -576.7170859577514 63.2170176385542 40.572494272638075 0.0
24.900000000000002 -513.50015665098 -582.3512065843234 68.85104993334346 44.18839947587225 0.0
25.0 -513.5002258748677 -587.3773506233367 73.87712474846904 47.41411937326532 0.0
25.1 -513.500193664944 -580.4972178182043 66.99702415326021 42.99849123354044 0.0
25.2 -513.5000529053291 -574.8258602860832 61.325807380754085 39.358721142882686 0.0
25.3 -513.5002624373724 -580.301893903838 66.8016314664657 42.87308878714204 0.0
25.400000000000002 -513.5001874382217 -580.9108491089975 67.41066167077582 43.263962564477055 0.0
25.5 -513.5001837349648 -578.5633272117706 65.06314347680572 41.757332355751764 0.0
25.6 -513.5000322649003 -574.1615182703474 60.66148600544718 38.93236165612334 0.0
25.7 -513.5001957202774 -579.7186549361237 66.21845921584637 42.49881056773132 0.0
25.8 -513.5001268942655 -578.1455791343733 64.64545224010784 41.48925935987667 0.0
25.900000000000002 -513.4999747888583 -573.1006473095068 59.600672520648594 38.25153471040423 0.0
26.0 -513.5001698908853 -576.8474236261023 63.347253735217045 40.65607941289501 0.0
26.1 -513.5000758194075 -574.871505674161 61.371429854753536 39.38800151127383 0.0
26.2 -513.500055286486 -573.2110032782408 59.710947991754836 38.32230918042829 0.0
26.3 -513.5001379092157 -576.7675185851105 63.26738067589473 40.60481712051005 0.0
26.400000000000002 -513.500136424398 -577.1982806756682 63.69814425127031 40.88127990454572 0.0
26.5 -513.5000708436613 -575.4758336016698 61.97576275800848 39.77586057473468 0.0
26.6 -513.5001180970293 -577.1044043140374 63.60428621700819 40.82104209675615 0.0
26.7 -513.5001700781955 -579.5591431054768 66.05897302728125 42.39645280531488 0.0
26.8 -513.5001542697654 -579.2987858879117 65.79863161814626 42.22936646170638 0.0
26.900000000000002 -513.5001806299431 -579.2781247682269 65.77794413828383 42.216089298537554 0.0
27.0 -513.5001318164067 -580.1635324089079 66.66340059250129 42.78437262254394 0.0
27.1 -513.5002064690946 -586.6032733241914 73.10306685509678 46.91733131494377 0.0
27.2 -513.5001843447895 -584.9472539036318 71.44706955884226 45.85451716572307 0.0
27.3 -513.5000845594233 -580.0123467147496 66.51226215532627 42.68737242219094 0.0
27.400000000000002 -513.5001651125358 -582.2274613425564 68.7272962300205 44.10897471641909 0.0
27.5 -513.5000741573813 -581.3472020200205 67.8471278626393 43.54408527084752 0.0
27.6 -513.5000916261441 -584.8501414146878 71.35004978854366 45.7922501651303 0.0
27.7 -513.500146980084 -584.4627816697252 70.96263468964129 45.54360830462336 0.0
27.8 -513.5000049155116 -578.7862139926651 65.28620907715353 41.90049519592685 0.0
27.900000000000002 -513.5001621769824 -583.6306638964872 70.13050171950492 45.00954783441952 0.0
28.0 -513.5001460250169 -583.4952379741795 69.99509194916267 44.92264224575221 0.0
28.1 -513.500080945563 -579.2325067496892 65.73242580412611 42.18687576678771 0.0
28.2 -513.5000413709153 -577.8291099892117 64.32906861829649 41.28620529052321 0.0
28.3 -513.5001130024307 -582.7934506197154 69.29333761728475 44.472258398578255 0.0
28.400000000000002 -513.500146491972 -587.142866866496 73.64272037452392 47.263679341852495 0.0
28.5 -513.5001407439158 -585.9032874239005 72.40314667998466 46.468124624137765 0.0
28.6 -513.5001451063982 -586.5144035322708 73.0142584258725 46.8603343286787 0.0
28.7 -513.500148248464 -586.123999021742 72.62385077327797 46.60977185609496 0.0
28.8 -513.5000950454479 -583.5877062898709 70.08761124442296 44.9820208548242 0.0
28.900000000000002 -513.5002426658823 -587.1464352841001 73.64619261821775 47.265907817548495 0.0
29.0 -513.5000609650192 -579.7483385131346 66.24827754811538 42.517947884871475 0.0
29.1 -513.500147810881 -577.7225481766121 64.22240036573112 41.21774592265133 0.0
29.2 -513.5000358125818 -575.9708703993707 62.470834586788875 40.09359620491865 0.0
29.3 -513.5001406541008 -578.2487865954174 64.7486459413166 41.55548877100142 0.0
29.400000000000002 -513.5000637113161 -577.5177880626413 64.01772435132527 41.08638546414778 0.0
29.5 -513.5000988282469 -576.3106115928767 62.810512764629856 40.311600651186424 0.0
29.6 -513.500031522867 -572.8943992009133 59.39436767804642 38.119128874799145 0.0
29.7 -513.500083194142 -569.8856721903752 56.38558899623318 36.18810364780308 0.0
29.8 -513.5000176791901 -567.7797007683372 54.27968308914708 34.83653948761946 0.0
29.900000000000002 -513.500053714868 -575.2014740272627 61.70142031239469 39.599788407473525 0.0
30.0 -513.5001562796488 -583.137005277221 69.63684899757214 44.692722982798 0.0
30.1 -513.5000902517353 -578.9390687986005 65.43897854686519 41.99854218812045 0.0
30.2 -513.5000347679975 -576.1537066942719 62.65367192627441 40.210940666682326 0.0
30.3 -513.500136402376 -582.6959578108174 69.1958214084413 44.409672785200996 0.0
30.400000000000002 -513.5001989647949 -586.1883779435725 72.68817897877763 46.6510575074385 0.0
30.5 -513.5001026807766 -586.8820386682164 73.38193598743979 47.09630869631113 0.0
30.6 -513.5001917185199 -591.27774581356 77.77755409504017 49.91740335020628 0.0
30.7 -513.5001049889131 -589.4708021791672 75.97069719025411 48.7577679520283 0.0
30.8 -513.5002049979503 -588.1108512294825 74.61064623153214 47.88489128377514 0.0
30.900000000000002 -513.5000021935319 -583.6524760001346 70.15247380660266 45.02364945469885 0.0
31.0 -513.5002460893511 -589.0880758910166 75.58782980166549 48.51204479850172 0.0
31.1 -513.5000766501195 -584.0592671760869 70.55919052596745 45.28467903792535 0.0
31.2 -513.5001921758151 -583.1663567669854 69.66616459117024 44.711537643751456 0.0
31.3 -513.5000606667566 -580.0603587495644 66.56029808280786 42.71820173786305 0.0
31.400000000000002 -513.5001451042386 -580.3158829342897 66.81573783005106 42.882142209419044 0.0
31.5 -513.500106620786 -576.2706412891001 62.770534668314085 40.2859428276384 0.0
31.6 -513.4999910748538 -571.8237419783218 58.32375090346797 37.43201020679853 0.0
31.7 -513.5001402525304 -577.5234497496164 64.02330949708596 41.08996999411854 0.0
31.8 -513.500053787171 -581.020275494328 67.52022170715694 43.33427787061816 0.0
31.900000000000002 -513.500185698643 -584.2594436731032 70.75925797446024 45.41308173250557 0.0
32.0 -513.5001905612504 -581.6946586864563 68.1944681252058 43.76700722034868 0.0
32.1 -513.5000172747353 -576.5824586126439 63.08244133790854 40.48612360234804 0.0
32.2 -513.5002507556457 -583.620197132153 70.11994637650734 45.00277344661522 0.0
32.3 -513.5001179895246 -584.4890166836972 70.98889869417255 45.56046446477178 0.0
32.4 -513.5002406125267 -583.9530544016051 70.45281378907842 45.21640676394924 0.0
32.5 -513.5001287698869 -582.3746788434436 68.87455007355669 44.20348179610537 0.0
32.6 -513.5001858430106 -583.8899890097837 70.38980316677304 45.17596673358879 0.0
32.7 -513.5003508126662 -584.7861440918163 71.28579327915013 45.751010528134856 0.0
32.8 -513.5001084471791 -581.1217052959893 67.62159684881023 43.39934013561827 0.0
32.9 -513.5001413989904 -583.4741300850075 69.97398868601707 44.90909823410641 0.0
33.0 -513.5002014491467 -585.9331810704331 72.43297962128639 46.48727131731176 0.0
33.1 -513.5000618941657 -583.3837902209127 69.88372832674702 44.85116940344774 0.0
33.2 -513.5001888361237 -582.4022963478359 68.9021075117122 44.22116807811452 0.0
33.3 -513.5000508869606 -579.2269185179862 65.72686763102561 42.183308547790205 0.0
33.4 -513.5002013693719 -582.4307434261316 68.93054205675972 44.239417284723444 0.0
33.5 -513.500099342447 -581.2442075329612 67.74410819051425 43.477967551072126 0.0
33.6 -513.5002418605843 -580.9990553078592 67.49881344727483 43.32053811297221 0.0
33.7 -513.5002130818405 -583.5234358593682 70.02322277752779 44.94069652789589 0.0
33.8 -513.5002177183511 -588.2540238641224 74.75380614577128 47.97677089179063 0.0
33.9 -513.5001540219253 -587.356613167173 73.85645914524771 47.40085625045982 0.0
34.0 -513.500241840852 -587.0547266721809 73.5544848313289 47.207050032140494 0.0
34.1 -513.5002754763359 -582.3351320389661 68.83485656263022 44.178006618615456 0.0
34.2 -513.5000865925234 -577.4360056273187 63.93591903479525 41.033883054822454 0.0
34.300000000000004 -513.5001468797382 -582.8072820578451 69.30713517810689 44.48111363215845 0.0
34.4 -513.5001821151677 -586.472381806348 72.97219969118026 46.833341157596635 0.0
34.5 -513.5001325097933 -582.9856863655808 69.4855538557876 44.59562220989176 0.0
34.6 -513.5002173649209 -582.7454458362809 69.24522847135997 44.44138209152665 0.0
34.7 -513.5001068245684 -581.4858502898429 67.98574346527445 43.633048353164504 0.0
34.800000000000004 -513.5001616654004 -582.3353952957926 68.83523363039231 44.17824861958591 0.0
34.9 -513.500190977506 -583.1270521641154 69.62686118660937 44.68631283536903 0.0
35.0 -513.5000446854056 -580.4534155277838 66.95337084237828 42.970474668193035 0.0
35.1 -513.5001516662217 -585.225982908521 71.72583124229936 46.03342558671439 0.0
35.2 -513.500147468451 -586.8501601577458 73.35001268929481 47.07582041831997 0.0
35.300000000000004 -513.5001081312178 -582.7632235959394 69.2631154647216 44.45286191077197 0.0
35.4 -513.5000892963274 -583.4562585785202 69.95616928219285 44.897661793625566 0.0
35.5 -513.5001744663173 -587.0676391282775 73.5674646619602 47.21538044891148 0.0
35.6 -513.5000758922421 -582.7612813617759 69.26120546953385 44.45163608152995 0.0
35.7 -513.5001411530377 -583.5698738021754 70.06973264913763 44.97054642543931 0.0
35.800000000000004 -513.5001520382208 -583.8221338498444 70.32198181162356 45.13243918916875 0.0
35.9 -513.5000286025679 -579.2625582853818 65.76252968281389 42.206196346771854 0.0
36.0 -513.5001457048851 -581.225459132148 67.72531342726293 43.46590512780613 0.0
36.1 -513.5001386845329 -582.9169537708166 69.41681508628372 44.551505871662236 0.0
36.2 -513.5001262251127 -583.4849707981732 69.98484457306053 44.91606551018725 0.0
36.300000000000004 -513.5001510649117 -583.4742839818687 69.97413291695692 44.90919080109549 0.0
36.4 -513.5000688805152 -585.6049317598511 72.10486287933593 46.27668696628057 0.0
36.5 -513.5002316590212 -590.9609652553934 77.46073359637218 49.71406889458302 0.0
36.6 -513.5000986603233 -583.9258525416241 70.42575388130076 45.19903979545977 0.0
36.7 -513.5001129079407 -579.9910269150087 66.49091400706801 42.67367124400674 0.0
36.800000000000004 -513.5002427575249 -581.4226277963525 67.92238503882757 43.592385103138426 0.0
36.9 -513.500131819405 -579.1436458814532 65.64351406204813 42.12981247463979 0.0
37.0 -513.5001675048427 -582.8804782234388 69.3803107185961 44.52807747683664 0.0
37.1 -513.5002354810499 -586.512765842753 73.01253036170307 46.859225262224186 0.0
37.2 -513.500085947415 -583.8627492910724 70.36266334365745 45.158548475672646 0.0
37.300000000000004 -513.5001703798321 -585.838884672627 72.33871429279495 46.42677210929479 0.0
37.4 -513.5001282451209 -583.2671228843061 69.76699463918521 44.77625006927249 0.0
37.5 -513.5001128372974 -579.7678170608807 66.26770422358338 42.53041586752242 0.0
37.6 -513.5001454196985 -577.3937092267345 63.893563807036024 41.00669959537009 0.0
37.7 -513.5000920271885 -577.1999178856262 63.69982585843761 40.882359155034166 0.0
37.800000000000004 -513.5001777016544 -579.4986843902698 65.99850668861546 42.35764568864209 0.0
37.9 -513.4999878893691 -575.4623583892586 61.962370499889474 39.76726546322629 0.0
38.0 -513.500214023087 -580.5569276689221 67.05671364583506 43.03679977269799 0.0
38.1 -513.5000530245692 -576.7332158517634 63.23316282719422 40.58285620678329 0.0
38.2 -513.5001704886147 -576.0868310625527 62.58666057393806 40.16793297966341 0.0
38.300000000000004 -513.5000975628911 -575.3412807147998 61.84118315190868 39.689487783013995 0.0
38.4 -513.5001560168957 -578.6430142647777 65.14285824788196 41.80849305921024 0.0
38.5 -513.5001882196351 -578.4963711308844 64.9961829112493 41.71435726353746 0.0
38.6 -513.5000357888728 -572.228330327375 58.72829453850227 37.691645110952116 0.0
38.7 -513.5002030620633 -579.4366601416357 65.93645707957238 42.317822433740794 0.0
38.800000000000004 -513.5001788212919 -583.9784267218113 70.4782479005194 45.23273030117571 0.0
38.9 -513.5000520797223 -579.7609507308492 66.26089865112695 42.52604807132094 0.0
39.0 -513.500297543515 -583.4548464121575 69.95454886864249 44.89662181701885 0.0
39.1 -513.5000743057078 -578.3630438575125 64.86296955180471 41.62886132486463 0.0
39.2 -513.5001395187678 -578.3279252937491 64.82778577498124 41.60628048133573 0.0
39.300000000000004 -513.5001156621697 -580.8169777170795 67.31686205490972 43.20376224944065 0.0
39.4 -513.5002067948305 -583.1603470370972 69.6601402422666 44.707671234507245 0.0
39.5 -513.5000079904254 -575.9381788699692 62.43817087954385 40.07263273456484 0.0
39.6 -513.5002051437206 -582.4756750944991 68.9754699507786 44.26825187374478 0.0
39.7 -513.5000950650315 -582.8194418116349 69.31934674660344 44.4889509805718 0.0
39.800000000000004 -513.5000683633767 -579.3584586347754 65.85839027139869 42.2677193879815 0.0
39.9 -513.5001236316481 -578.2048124918643 64.70468886021628 41.527277246829534 0.0
40.0 -513.5000141914984 -573.5935087117233 60.09349452022493 38.56782640688323 0.0
40.1 -513.5001101277755 -575.6375232560412 62.13741312826558 39.87960730253707 0.0
40.2 -513.5000617356634 -577.2662866220238 63.76622488636042 40.92497385406204 0.0
40.300000000000004 -513.5001256938865 -582.0323555298756 68.53222983598916 43.983781683747544 0.0
40.4 -513.5000774231652 -580.6520199429732 67.15194251980802 43.09791738134489 0.0
40.5 -513.5001622389855 -578.292556226271 64.7923939872856 41.58356613704652 0.0
40.6 -513.4999721527239 -574.0691953686766 60.56922321595266 38.87314767169043 0.0
40.7 -513.5002030785231 -580.2473669975955 66.74716391907235 42.838131676901625 0.0
40.800000000000004 -513.5000498646746 -581.2942061858269 67.79415632115229 43.51008829275718 0.0
40.9 -513.5001784533855 -582.6547965533782 69.15461809999272 44.38322862414294 0.0
41.0 -513.4999877705093 -577.3910685298798 63.891080759370496 41.00510598274881 0.0
41.1 -513.5001319799908 -582.9473529135122 69.44722093352136 44.57102025416533 0.0
41.2 -513.5001825189697 -584.7968768747777 71.29669435580803 45.75800680677611 0.0
41.300000000000004 -513.500082869865 -579.6988396851091 66.19875681524408 42.48616562550763 0.0
41.4 -513.5000942813236 -580.3992895761023 66.8991952947787 42.935704962553515 0.0
41.5 -513.500276118906 -585.2138311542982 71.71355503539226 46.02554675356101 0.0
41.6 -513.5000215187125 -580.5008006565121 67.0007791377996 43.00090117147186 0.0
41.7 -513.5001763684054 -584.2218074417876 70.72163107338218 45.38893289908202 0.0
41.800000000000004 -513.5000665546664 -585.3953842718595 71.8953177171931 46.142201503212576 0.0
41.9 -513.5001788908684 -587.2207258842727 73.72054699340437 47.31362823483633 0.0
42.0 -513.5000884349836 -581.8182662781546 68.31817784317109 43.84640375012985 0.0
42.1 -513.5001075983914 -579.6342517221913 66.13414412379989 42.444697391929324 0.0
42.2 -513.5000650122071 -579.6809432773416 66.18087826513458 42.47469122511645 0.0
42.300000000000004 -513.5001518933456 -581.8565989747115 68.35644708136594 43.870964833608305 0.0
42.4 -513.5000617766459 -579.3208748434456 65.82081306679969 42.243602449610705 0.0
42.5 -513.5001550725815 -579.7337621079248 66.23360703534335 42.50853239332104 0.0
42.6 -513.5001165704707 -578.720665525144 65.22054895467332 41.85835472421873 0.0
42.7 -513.5000916345075 -576.4862808643871 62.9861892298797 40.424349285121345 0.0
42.800000000000004 -513.5000635725594 -577.2394049926435 63.7393414200841 40.90772012520439 0.0
42.9 -513.5001885101733 -578.3267322049742 64.82654369480086 41.60548331796284 0.0
43.0 -513.5000634290558 -570.5177408636551 57.01767743459936 36.59377613131126 0.0
43.1 -513.5000840291398 -570.8912013041123 57.39111727497252 36.83344871237706 0.0
43.2 -513.5001588567733 -577.706478369515 64.2063195127417 41.2074252789357 0.0
43.300000000000004 -513.500083495098 -578.7875553119371 65.28747181683907 41.90130561850882 0.0
43.4 -513.5000827077125 -579.9927218137815 66.49263910606894 42.67477840742491 0.0
43.5 -513.5002283816136 -582.1569797610239 68.65675137941024 44.0636992406965 0.0
43.6 -513.5000670174664 -578.525530371694 65.02546335422753 41.733149364927414 0.0
43.7 -513.5002515796813 -585.9232140475943 72.42296246791305 46.48084233801078 0.0
43.800000000000004 -513.5000922344858 -584.3863585465311 70.88626631204531 45.494595306567376 0.0
43.9 -513.5002162306289 -586.0032889022614 72.50307267163254 46.53225682896592 0.0
44.0 -513.5002503736087 -586.4296364814878 72.9293861078792 46.805863526918046 0.0
44.1 -513.5000459008372 -582.9517547991929 69.45170889835572 44.573900616674344 0.0
44.2 -513.5002376839412 -585.896314171517 72.39607648757575 46.46358699563626 0.0
44.300000000000004 -513.5001209644331 -584.1249484108282 70.62482744639513 45.32680461862503 0.0
44.4 -513.5001381648681 -585.690273595284 72.19013543041589 46.331414636448216 0.0
44.5 -513.5001253010234 -584.9736940108556 71.47356870983221 45.871524242170686 0.0
44.6 -513.5001958779685 -585.088280004729 71.58808412676048 45.94501989683784 0.0
44.7 -513.5000361764916 -580.2649554122848 66.76491923579326 42.84952698646979 0.0
44.800000000000004 -513.500255080176 -584.4690740484433 70.96881896826729 45.54757735628866 0.0
44.9 -513.4999727788189 -578.2882486684538 64.78827588963489 41.58092315419808 0.0
45.0 -513.5001853731695 -580.5614913269924 67.06130595382282 43.03974710233314 0.0
45.1 -513.5001013565779 -580.7838792468378 67.28377789025993 43.18252893077251 0.0
45.2 -513.5001291697465 -578.5446519208198 65.04452275107325 41.74538162924877 0.0
45.300000000000004 -513.5001997422163 -579.2542372088926 65.75403746667635 42.200746067662315 0.0
45.4 -513.5000446873979 -578.4846543004692 64.98460961307124 41.70692955511993 0.0
45.5 -513.5001650238592 -580.5615249852159 67.06135996135669 43.03978176420806 0.0
45.6 -513.5001653912162 -580.4973492084056 66.99718381718934 42.99859370537623 0.0
45.7 -513.5001410809597 -578.8649809260945 65.36483984513487 41.95096018941668 0.0
45.800000000000004 -513.5001787098328 -580.2641224392447 66.76394372941193 42.848900909369874 0.0
45.9 -513.5001515078011 -581.2112459406266 67.71109443282549 43.456779419382585 0.0
46.0 -513.5000705099617 -580.4309102851756 66.93083977521395 42.95601429616619 0.0
46.1 -513.5002117082424 -583.062160864932 69.56194915668958 44.644652487245615 0.0
46.2 -513.5000995761687 -580.6838552452987 67.18375566912991 43.11833496614835 0.0
46.300000000000004 -513.500143718055 -582.1636275827098 68.66348386465471 44.06802012974229 0.0
46.4 -513.5001562862558 -582.8859510216619 69.38579473540608 44.53159710254702 0.0
46.5 -513.5000620137462 -580.0806494685173 66.58058745477119 42.73122339656394 0.0
46.6 -513.5001447064794 -581.8361818387245 68.33603713224517 43.85786578884567 0.0
46.7 -513.5001251407093 -581.3846653325278 67.8845401918185 43.5680963926633 0.0
46.800000000000004 -513.5001379846417 -579.89393277892 66.39379479427829 42.61134042151835 0.0
46.9 -513.5000997220892 -580.8282178413946 67.3281181193054 43.210986358158294 0.0
47.0 -513.5002575500263 -584.7808454903793 71.28058794035306 45.747669757145964 0.0
47.1 -513.5000377652733 -580.722707790125 67.22267002485175 43.143310084140715 0.0
47.2 -513.5002207270596 -582.5064542600298 69.00623353297026 44.2879958494795 0.0
47.300000000000004 -513.5001209977501 -574.2226763389269 60.722555341176836 38.97155577452183 0.0
47.4 -513.5001271430468 -576.3045990896758 62.80447194662894 40.30772367212447 0.0
47.5 -513.5002003845129 -584.892073128852 71.39187274433907 45.81909201401625 0.0
47.6 -513.5001523603542 -583.685281640803 70.1851292804489 45.044607640881765 0.0
47.7 -513.5000951356056 -577.7702526396229 64.27015750401725 41.24839631224532 0.0
47.800000000000004 -513.5002050031231 -574.3008055413095 60.80060053818634 39.02164495030009 0.0
47.9 -513.5001924085988 -578.4673273323616 64.96713492376287 41.695714351392134 0.0
48.0 -513.5001549122474 -585.4079122506917 71.90775733844424 46.15018521520689 0.0
48.1 -513.5002213604276 -585.7500259149165 72.24980455448879 46.36971010316167 0.0
48.2 -513.5001274542759 -579.4314329608331 65.93130550655727 42.31451616947116 0.0
48.300000000000004 -513.5000252610191 -578.580031204256 65.08000594323681 41.76815463665419 0.0
48.4 -513.5002932095466 -590.3508314274287 76.85053821788215 49.32244731191794 0.0
48.5 -513.5001005405206 -590.3312874160157 76.83118687549504 49.310027677814695 0.0
48.6 -513.5001503922101 -589.9477895561595 76.4476391639493 49.063867895033646 0.0
48.7 -513.5002004563935 -586.5767701374826 73.0765696810892 46.900325507317575 0.0
48.800000000000004 -513.5001078648938 -581.9748053171877 68.47469745229388 43.94685757066594 0.0
48.9 -513.5001549805082 -582.2990885888624 68.79893360835425 44.15495137319165 0.0
49.0 -513.5001410604285 -583.1423603091332 69.64221924870466 44.696169594034274 0.0
49.1 -513.5002400371121 -586.6673511719409 73.16711113482879 46.95843474357242 0.0
49.2 -513.500001819923 -579.1537804039996 65.6537785840766 42.13640021440937 0.0
49.300000000000004 -513.5001801487464 -584.0071327483263 70.50695259957986 45.25115289182823 0.0
49.4 -513.5001717459018 -588.1525199575314 74.65234821162954 47.91165549081719 0.0
49.5 -513.5001319636008 -584.7974046771246 71.29727271352381 45.75837799504135 0.0
49.6 -513.5001091097637 -585.8640551949587 72.36394608519508 46.44296579876138 0.0
49.7 -513.5002207853504 -586.9818011976815 73.4815804123311 47.160260192430705 0.0
49.800000000000004 -513.5000763548854 -581.0693742490375 67.56929789415211 43.36577482175827 0.0
49.9 -513.5001063961021 -579.447883438394 65.9477770422919 42.325087552213006 0.0
50.0 -513.5001721043303 -582.963072584683 69.46290048035264 44.58108334077987 0.0
