t H V T P
0.0 -669.2931788751569 -669.2932036253563 2.4750199478244952E-5 1.5884604558841525E-5 0.0
0.1 -669.2931825987793 -670.2416940905692 0.9485114917899905 0.6087518599534636 0.0
0.2 -669.2931916528005 -672.5049030719298 3.2117114191293235 2.061266855437993 0.0
0.3 -669.2932004263058 -674.741997735385 5.4487973090791835 3.4970219392405504 0.0
0.4 -669.293203904447 -675.6986269932354 6.40542308878842 4.1109815250948545 0.0
0.5 -669.2932006184801 -674.9533881033968 5.660187484916716 3.632691526621237 0.0
0.6 -669.2931911061157 -673.1617155503845 3.868524444268803 2.4828075053470053 0.0
0.7000000000000001 -669.2931844806465 -671.7926187576151 2.499434276968573 1.604129499859493 0.0
0.8 -669.2931859999297 -671.8575334345126 2.564347434582879 1.6457905717338974 0.0
0.9 -669.293191956161 -673.170117340611 3.876925384450048 2.488199203818723 0.0
1.0 -669.293200167219 -674.7475535001302 5.454353332911128 3.500587778843885 0.0
1.1 -669.2932015303113 -675.3334949245811 6.040293394269856 3.8766423709714273 0.0
1.2 -669.2931952908465 -674.6031856820626 5.309990391216131 3.407936071378182 0.0
1.3 -669.2931901672977 -673.3202448566358 4.027054689338102 2.584551746065368 0.0
1.4000000000000001 -669.2931885838282 -672.2150064811382 2.921817897309969 1.8752140536285398 0.0
1.5 -669.2931884743195 -671.5456938644455 2.252505390125925 1.4456512732456799 0.0
1.6 -669.2931886578721 -671.3454639254512 2.0522752675791263 1.317144174940474 0.0
1.7 -669.2931901180805 -671.58308685489 2.289896736809552 1.4696489285580758 0.0
1.8 -669.2931919796852 -672.0685793150209 2.775387335335772 1.7812353536049879 0.0
1.9000000000000001 -669.2931928253038 -672.567721035014 3.2745282097102346 2.1015824851730347 0.0
2.0 -669.2931934756065 -672.9781413316351 3.684947856028658 2.364988595926936 0.0
2.1 -669.2931930278255 -673.2731868581634 3.979993830337901 2.5543482264503172 0.0
2.2 -669.2931928195657 -673.5609158504974 4.267723030931707 2.7390119733215923 0.0
2.3000000000000003 -669.2931947228102 -673.8913981689284 4.598203446118243 2.95111332281957 0.0
2.4 -669.2931962560938 -674.0259442803617 4.732748024268 3.0374636337058964 0.0
2.5 -669.2931941381888 -673.8113906171081 4.518196478919346 2.8997650887569004 0.0
2.6 -669.2931935646214 -673.4945079456594 4.201314381037974 2.696391098941339 0.0
2.7 -669.2931907907151 -673.241432346069 3.9482415553539445 2.5339697106162498 0.0
2.8000000000000003 -669.2931926341159 -673.3213256760631 4.028133041947217 2.585243829569012 0.0
2.9 -669.29319486404 -673.4618232897465 4.168628425706472 2.6754133498316706 0.0
3.0 -669.2931911022886 -673.3513789841553 4.0581878818667665 2.6045329366172587 0.0
3.1 -669.2931907390245 -673.3966264424474 4.103435703422937 2.63357285418239 0.0
3.2 -669.2931971277461 -673.5936634221397 4.300466294393521 2.7600265026191866 0.0
3.3000000000000003 -669.2932009895826 -673.0952877490555 3.8020867594729197 2.440167996452736 0.0
3.4 -669.2931910451083 -671.5837566499761 2.2905656048677967 1.4700782060924487 0.0
3.5 -669.2931837854535 -670.5256475787077 1.2324637932541536 0.7909916041743463 0.0
3.6 -669.293189364401 -670.9528301869334 1.6596408225324513 1.0651525535707669 0.0
3.7 -669.2931935853234 -672.1668365856467 2.873643000323388 1.8442955477406417 0.0
3.8000000000000003 -669.2931963701888 -673.414701557555 4.121505187366243 2.645169795341351 0.0
3.9 -669.2931965578035 -674.2512284364441 4.95803187864059 3.18205014272962 0.0
4.0 -669.2931988321374 -674.5758189954875 5.282620163350105 3.3903699403771226 0.0
4.1 -669.2931993559592 -674.1716036103862 4.878404254426934 3.1309453698688707 0.0
4.2 -669.2931960465421 -673.0894592494889 3.7962632029467533 2.436430455160371 0.0
4.3 -669.2931850590014 -672.13766711985 2.8444820608486237 1.8255801433444834 0.0
4.4 -669.2931917175003 -672.7135374562905 3.4203457387901692 2.1951677425047214 0.0
4.5 -669.2931999562428 -674.0238761467214 4.730676190478553 3.0361339369296765 0.0
4.6000000000000005 -669.2932006560602 -674.730299788901 5.437099132840781 3.4895140844545725 0.0
4.7 -669.2931993041573 -674.610759816192 5.317560512034693 3.4127945524490606 0.0
4.8 -669.2931972240671 -673.8785305999652 4.585333375898094 2.942853349954653 0.0
4.9 -669.2931987639938 -672.8170001808703 3.523801416876462 2.2615652896118488 0.0
5.0 -669.2931913679172 -671.4759107955174 2.182719427600255 1.4008628496431637 0.0
5.1000000000000005 -669.293185597375 -671.0148346210462 1.7216490236712239 1.1049492330019888 0.0
5.2 -669.2932030934692 -671.94089617312 2.6476930796508054 1.6992815593426747 0.0
5.3 -669.2931965902828 -672.2660078734498 2.972811283166988 1.9079414573073328 0.0
5.4 -669.2931931244913 -672.4696623678 3.1764692433086616 2.03864853160604 0.0
5.5 -669.2931967727806 -673.0871103168464 3.793913544065861 2.434922451065133 0.0
5.6000000000000005 -669.2931995771679 -673.6520278530438 4.358828275875901 2.7974830490980507 0.0
5.7 -669.2932012988246 -673.7731630251842 4.479961726359663 2.8752261380567434 0.0
5.8 -669.2931950742607 -673.4706066434367 4.177411569175972 2.681050345239292 0.0
5.9 -669.2931991633676 -673.4946250121864 4.20142584881878 2.696462638632189 0.0
6.0 -669.2931982289531 -673.4712275281123 4.178029299159272 2.6814468025089586 0.0
6.1000000000000005 -669.2931942138782 -673.4766399969596 4.18344578308144 2.6849230858123962 0.0
6.2 -669.2932019867003 -673.9399852756386 4.646783288938314 2.982291721741397 0.0
6.3 -669.2932034501713 -673.9353046447974 4.642101194626144 2.979286767509759 0.0
6.4 -669.2931952941493 -673.4589051167129 4.165709822563595 2.6735401989978946 0.0
6.5 -669.2932038239007 -673.358830089259 4.065626265358222 2.609306869062637 0.0
6.6000000000000005 -669.2931957118925 -672.9602633120468 3.6670676001542524 2.353513100780908 0.0
6.7 -669.293199575818 -672.8153590453809 3.5221594695629364 2.2605114926998384 0.0
6.8 -669.2931986598459 -672.4391711892222 3.1459725293763383 2.019075831128015 0.0
6.9 -669.2931928360694 -671.7804352073387 2.487242371269328 1.5963047709710887 0.0
7.0 -669.2931918054171 -671.5258857162111 2.232693910793997 1.4329363246170859 0.0
7.1000000000000005 -669.2931954174251 -671.8282380718213 2.5350426543962357 1.6269828507958188 0.0
7.2 -669.293196907345 -672.2151717838948 2.921974876549808 1.8753148024387052 0.0
7.3 -669.2931894579118 -672.6675576202557 3.3743681623439157 2.1656594704172742 0.0
7.4 -669.2931988472385 -674.0700387759738 4.776839928735254 3.0657616871144824 0.0
7.5 -669.2932170820592 -675.1325637489654 5.839346666906151 3.7476753578218376 0.0
7.6000000000000005 -669.293198942658 -673.8789026674486 4.58570372479066 2.9430910387745906 0.0
7.7 -669.293187398615 -672.8289961640833 3.535808765468179 2.2692715702964645 0.0
7.8 -669.2932114115489 -673.354988008531 4.0617765969821535 2.6068361633258905 0.0
7.9 -669.293197130107 -672.920895117276 3.627697987169028 2.328245800028257 0.0
8.0 -669.293188927048 -673.017956875461 3.7247679484129135 2.3905450130207226 0.0
8.1 -669.2932099786146 -674.5580952819967 5.26488530338197 3.3789877598921585 0.0
8.2 -669.2932105418189 -674.83319933246 5.539988790641177 3.5555483614223355 0.0
8.3 -669.2931954178404 -673.548313994333 4.255118576492547 2.730922471876484 0.0
8.4 -669.2931984627805 -672.5104377987354 3.2172393359549503 2.0648146560481027 0.0
8.5 -669.2931969177391 -671.5483178133801 2.2551208956409603 1.4473298969215949 0.0
8.6 -669.2931876322374 -670.8524177435013 1.559230111263874 1.00070925712884 0.0
8.700000000000001 -669.2931941327586 -671.4886252606667 2.1954311279081216 1.4090211811684692 0.0
8.8 -669.2932064533038 -672.5150331023307 3.221826649026915 2.0677587799611166 0.0
8.9 -669.2931924210852 -672.5536846434013 3.2604922223160657 2.0925742301266363 0.0
9.0 -669.2931931517174 -673.292567401746 3.9993742500285636 2.5667865222806663 0.0
9.1 -669.2932151958639 -674.537302463717 5.244087267853044 3.3656396424247372 0.0
9.200000000000001 -669.2931995788495 -673.9302214263996 4.637021847550111 2.976026857633444 0.0
9.3 -669.293196247926 -673.2508959587849 3.9576997108589063 2.5400399267445843 0.0
9.4 -669.29320491443 -673.2085073248863 3.915302410456313 2.512829465194585 0.0
9.5 -669.2931931647239 -673.0069620226262 3.7137688579023704 2.3834858293797803 0.0
9.6 -669.2932019270468 -673.8028931896843 4.5096912626375305 2.8943064661933606 0.0
9.700000000000001 -669.2932098850512 -674.4098231664944 5.116613281443284 3.2838272163294238 0.0
9.8 -669.2931919630406 -673.7617710327153 4.468579069674631 2.8679207827835573 0.0
9.9 -669.2931998375699 -673.6785628154369 4.385362977866938 2.814512942072644 0.0
10.0 -669.2932064150779 -673.2530782575733 3.959871842495444 2.5414339943813515 0.0
10.1 -669.2931872764489 -671.7172639369987 2.4240766605499102 1.5557652053268574 0.0
10.200000000000001 -669.293186784083 -671.3881113059552 2.0949245218722883 1.3445163397495632 0.0
10.3 -669.293202668422 -672.4216835582976 3.128480889875452 2.0078497488169766 0.0
10.4 -669.2932036297351 -672.7567913545962 3.463587724861103 2.222920320809372 0.0
10.5 -669.2931917929537 -672.2756620538773 2.9824702609235905 1.9141405605606676 0.0
10.6 -669.2931962370765 -672.511672934833 3.2184766977564756 2.0656087911794465 0.0
10.700000000000001 -669.2932076616067 -672.9378815966844 3.644673935077715 2.3391409130061547 0.0
10.8 -669.2931904516228 -672.4643022696031 3.171111817980293 2.035210151932799 0.0
10.9 -669.2931943408029 -673.1503638888692 3.8571695480663037 2.4755199666691077 0.0
11.0 -669.2932162247496 -674.4487559417013 5.155539716951749 3.308810087092979 0.0
11.1 -669.2931982335898 -673.8704515264101 4.5772532928202505 2.937667576619494 0.0
11.200000000000001 -669.2931914998135 -673.5090908343294 4.2158993345158935 2.7057516787907856 0.0
11.3 -669.2932126939038 -674.2174226344117 4.924209940507945 3.160343323230129 0.0
11.4 -669.2932030703424 -673.4788835319754 4.185680461632953 2.686357295873535 0.0
11.5 -669.2931856030916 -672.4081406162096 3.114955013117968 1.999168881263036 0.0
11.6 -669.2932016855365 -673.0960741939857 3.8028725084492345 2.440672287813387 0.0
11.700000000000001 -669.2932058671239 -673.695274188481 4.402068321357109 2.825234381937976 0.0
11.8 -669.2931991193574 -673.5256393172713 4.232440197913864 2.716367555821172 0.0
11.9 -669.293207254388 -673.2954884273759 4.002281172987841 2.5686521768072783 0.0
12.0 -669.2932011245954 -672.2894298878284 2.996228763233053 1.922970726503363 0.0
12.1 -669.2931901413714 -671.4108825413995 2.117692400028117 1.3591286963678249 0.0
12.200000000000001 -669.2932068185837 -671.8721891540837 2.578982335499993 1.6551832077015598 0.0
12.3 -669.2931988903232 -671.9553485793539 2.6621496890307137 1.7085597683309834 0.0
12.4 -669.293192842094 -672.4782884067723 3.1850955646784156 2.0441848790555412 0.0
12.5 -669.2932117672954 -674.027021182001 4.733809414705618 3.038144830938222 0.0
12.6 -669.2932076279046 -674.339166513988 5.045958886083321 3.238481435111638 0.0
12.700000000000001 -669.293195918671 -673.7524549429287 4.459259024257658 2.8619392052997403 0.0
12.8 -669.2932022321546 -673.883287588441 4.590085356286444 2.945903156862539 0.0
12.9 -669.2932154868279 -673.8070233815439 4.5138078947160265 2.896948508441894 0.0
13.0 -669.293183410534 -672.459707781535 3.166524371001098 2.0322659420785225 0.0
13.1 -669.2931998578038 -673.1692382416015 3.876038383797758 2.487629929432977 0.0
13.200000000000001 -669.2932140528217 -674.1333220618322 4.840108009010564 3.106366953235821 0.0
13.3 -669.2931913470871 -673.4378512732939 4.144659926206714 2.6600304379986928 0.0
13.4 -669.2932003968205 -673.5674214167034 4.274221019882884 2.7431823633424037 0.0
13.5 -669.2932148054576 -673.6119433345268 4.318728529069134 2.7717471506259983 0.0
13.6 -669.2931936295683 -671.9610014500174 2.667807820449038 1.7121911402801686 0.0
13.700000000000001 -669.2931868841334 -671.1965996792894 1.9034127951559465 1.2216046820094322 0.0
13.8 -669.2932040162187 -672.259928900797 2.9667248845782734 1.9040352247594212 0.0
13.9 -669.2932059577288 -672.851067944711 3.557861986982227 2.2834252624033544 0.0
14.0 -669.2931933454959 -672.5106776878299 3.2174843423340933 2.064971900414981 0.0
14.1 -669.293196677108 -672.6881421444943 3.394945467386402 2.1788659237136954 0.0
14.200000000000001 -669.293202221348 -673.0532754987738 3.760073277425813 2.4132038683839956 0.0
14.3 -669.2931960314804 -672.9657786551882 3.6725826237077923 2.3570526265272633 0.0
14.4 -669.2931964289612 -673.2283845186271 3.9351880896658358 2.525592035084371 0.0
14.5 -669.2932057520972 -673.8369305948604 4.543724842763273 2.9161491168958023 0.0
14.6 -669.293202717735 -673.8170857356786 4.523883017943579 2.903414692623235 0.0
14.700000000000001 -669.2931975206133 -673.5246162204822 4.2314186998689465 2.715711961408068 0.0
14.8 -669.2931982720905 -673.8595807588301 4.566382486739627 2.9306907255448866 0.0
14.9 -669.2932198077496 -674.3076162056867 5.014396397937177 3.2182247239067316 0.0
15.0 -669.2931914866181 -672.8011752227168 3.5079837360987347 2.2514135490405036 0.0
15.1 -669.2931936132817 -672.6852566481854 3.392063034903668 2.177015987102233 0.0
15.200000000000001 -669.2932221288936 -673.6298769485102 4.336654819616597 2.78325219068855 0.0
15.3 -669.2931892104037 -672.4793619429546 3.1861727325508133 2.044876202198677 0.0
15.4 -669.2931986241315 -672.6100256720325 3.3168270479010467 2.128729753967779 0.0
15.5 -669.2932150496868 -673.1047538464649 3.8115387967780814 2.4462342859386 0.0
15.6 -669.2931902330943 -671.9364368971101 2.6432466640158423 1.696427862986501 0.0
15.700000000000001 -669.2931950377499 -671.7851553821865 2.4919603444365657 1.599332752145409 0.0
15.8 -669.2932053750699 -672.3021429594473 3.0089375843775175 1.9311272101901436 0.0
15.9 -669.2931888603249 -672.4147004923188 3.1215116319939207 2.0033768997955366 0.0
16.0 -669.2932048531284 -673.7328448677489 4.439640014620576 2.8493477831499883 0.0
16.1 -669.2932098543332 -674.5278463424753 5.234636488142115 3.359574160059119 0.0
16.2 -669.2931977935614 -674.1155582386858 4.822360445124391 3.0949766194139694 0.0
16.3 -669.293207158037 -673.8478538934985 4.554646735461418 2.923158755209895 0.0
16.4 -669.2931983174935 -673.141281597059 3.8480832795654165 2.4696884265161114 0.0
16.5 -669.2932032632929 -673.0344012053415 3.74119794204861 2.401089734166777 0.0
16.6 -669.2932073915196 -673.0885873624455 3.795379970926004 2.4358635994711615 0.0
16.7 -669.2931909793909 -672.9662903968672 3.6730994174761813 2.35738430323381 0.0
16.8 -669.2932090166514 -674.1387050376114 4.845496020960027 3.1098249633116897 0.0
16.9 -669.293212058561 -674.3446979001873 5.0514858416262145 3.2420286187733423 0.0
17.0 -669.2931959199881 -672.7626472956945 3.4694513757063596 2.2266835945167167 0.0
17.1 -669.29318881488 -671.4360045326076 2.142815717727637 1.3752527670935495 0.0
17.2 -669.2931968485991 -671.3836600102127 2.0904631616135845 1.341653051978233 0.0
17.3 -669.2931973250775 -671.7296167105517 2.4364193854741556 1.563686729546189 0.0
17.400000000000002 -669.2931969952991 -672.2886459169507 2.9954489216516 1.922470226491199 0.0
17.5 -669.2932007338474 -673.0761228336034 3.782922099756057 2.427868174733129 0.0
17.6 -669.2932016451387 -673.6588071561315 4.365605510992799 2.801832658479132 0.0
17.7 -669.2932042138829 -673.9388067913086 4.645602577425753 2.981533944597354 0.0
17.8 -669.293208727606 -673.6609034793438 4.367694751737815 2.8031735269877673 0.0
17.900000000000002 -669.2931919162326 -672.7393537261764 3.446161809943848 2.2117364203410173 0.0
18.0 -669.2932021581694 -673.3178041295544 4.0246019713849535 2.582977598963468 0.0
18.1 -669.2932205758783 -673.9911579049433 4.697937329064952 3.015122232853559 0.0
18.2 -669.2931834154275 -672.9683722078172 3.6751887923896427 2.3587252578513547 0.0
18.3 -669.2932063921176 -674.0394738107743 4.746267418656782 3.0461403408948455 0.0
18.400000000000002 -669.2932219730476 -674.5967691871035 5.3035472140559765 3.4038008594021503 0.0
18.5 -669.2931878650536 -672.5651990537059 3.272011188652306 2.0999670685293577 0.0
18.6 -669.293186316838 -672.0998132249229 2.8066269080847945 1.8012848186665347 0.0
18.7 -669.2932208893665 -673.3229956328379 4.029774743471421 2.586297468734165 0.0
18.8 -669.2931982633096 -672.2987115423672 3.0055132790576424 1.9289295012002519 0.0
18.900000000000002 -669.2931850959188 -671.6811092906111 2.387924194692182 1.5325626600511395 0.0
19.0 -669.2932138234532 -673.0792751090975 3.786061285644241 2.4298828949180846 0.0
19.1 -669.2932073946189 -673.238759877158 3.945552482539194 2.532243871665748 0.0
19.2 -669.2931971404707 -672.6046145109236 3.3114173704528915 2.12525783903916 0.0
19.3 -669.2932021699229 -672.5578042653618 3.264602095438891 2.095211934497483 0.0
19.400000000000002 -669.2932013500307 -672.7115085048002 3.418307154769552 2.193859385331441 0.0
19.5 -669.2931961570384 -673.1387765852892 3.845580428250699 2.4680821039715672 0.0
19.6 -669.2932073494982 -674.3500423773813 5.056835027883197 3.2454617106350234 0.0
19.7 -669.2932173966254 -674.847650013797 5.554432617171559 3.5648183664157616 0.0
19.8 -669.293193481853 -673.6648486946717 4.371655212818679 2.8057153391535845 0.0
19.900000000000002 -669.2932021553435 -673.384096452013 4.090894296669494 2.6255238165548294 0.0
20.0 -669.293207107826 -673.1841448904686 3.890937782642575 2.497192319385527 0.0
20.1 -669.2931905423818 -672.1550669327511 2.8618763903692765 1.8367437723990543 0.0
20.2 -669.2931896438934 -672.2177163805873 2.9245267366939576 1.8769525787045052 0.0
20.3 -669.2932067241059 -673.373239611975 4.080032887869183 2.618552996626832 0.0
20.400000000000002 -669.2932029247359 -673.4641628901581 4.170959965422284 2.676909725100543 0.0
20.5 -669.2931932311568 -673.1189708692254 3.825777638068667 2.4553727320135845 0.0
20.6 -669.293216729644 -673.2299927357257 3.9367760060816672 2.5266111551266213 0.0
20.7 -669.2931928459477 -671.6581728667317 2.3649800207839147 1.5178371573422635 0.0
20.8 -669.29318536929 -671.1656097423446 1.8724243730546744 1.2017164046881181 0.0
20.900000000000002 -669.2932102135251 -672.7251566264024 3.4319464128773176 2.2026130206994416 0.0
21.0 -669.2932024236462 -673.3393471475222 4.046144723875935 2.5968036735665847 0.0
21.1 -669.2931975013662 -673.6195657851151 4.32636828374891 2.7766503225023085 0.0
21.2 -669.2932077417114 -674.1887337409357 4.895525999224335 3.1419340548571744 0.0
21.3 -669.2932050588047 -673.8010919519331 4.5078868931284495 2.893148427198363 0.0
21.400000000000002 -669.2931933649696 -672.9113494401018 3.6181560751321755 2.32212182920637 0.0
21.5 -669.2931997714196 -672.9290122662491 3.6358124948294788 2.3334536669583494 0.0
21.6 -669.2932014989242 -673.2742555667837 3.9810540678595467 2.5550286837445944 0.0
21.7 -669.2932034021927 -673.5391611896264 4.2459577874337135 2.725043104650598 0.0
21.8 -669.2932002671715 -673.512904718622 4.21970445145057 2.70819379154469 0.0
21.900000000000002 -669.293200708569 -673.6216256736182 4.328424965049182 2.7779702944559532 0.0
22.0 -669.293212686133 -673.5781594032649 4.2849467171318505 2.750066083999583 0.0
22.1 -669.2931923655044 -672.2859624469833 2.99277008147887 1.9207509548199726 0.0
22.2 -669.2931959602614 -672.2008022115997 2.9076062513382652 1.8660930614284894 0.0
22.3 -669.2932155147518 -672.8469436005262 3.5537280857744626 2.280772136878917 0.0
22.400000000000002 -669.2931919341665 -672.1431525875386 2.849960653372034 1.8290962877638406 0.0
22.5 -669.2932033629513 -672.665856778181 3.3726534152297005 2.164558950809274 0.0
22.6 -669.2932090424196 -673.1940375210846 3.900828478665037 2.503540138734079 0.0
22.7 -669.2931926905887 -672.954630546371 3.661437855782263 2.3498999475537987 0.0
22.8 -669.2932095939072 -673.6479052959071 4.354695701999871 2.7948307754511807 0.0
22.900000000000002 -669.2932036866418 -673.4549963705985 4.161792683956582 2.6710261910672 0.0
23.0 -669.2931897420386 -673.0186079916859 3.725418249647299 2.3909623744226547 0.0
23.1 -669.2932088653712 -673.78804741006 4.494838544688781 2.884774035901343 0.0
23.2 -669.293204809908 -673.6186860390189 4.3254812291109195 2.776081013468701 0.0
23.3 -669.2931885342284 -672.9110716416727 3.6178831074443374 2.3219466393545685 0.0
23.400000000000002 -669.2932052734657 -673.6137691930923 4.320563919626614 2.7729250988377787 0.0
23.5 -669.2932119211431 -673.8292375399179 4.536025618774879 2.9112077777937446 0.0
23.6 -669.2931964351429 -672.8100666944147 3.5168702592717063 2.2571168932349495 0.0
23.7 -669.2931977068243 -672.4640303481439 3.1708326413195502 2.0350309771806177 0.0
23.8 -669.293201583935 -672.7959088778081 3.502707293873088 2.248027144082206 0.0
23.900000000000002 -669.2932024014509 -673.1503969493278 3.857194547876946 2.4755360114733707 0.0
24.0 -669.2932060592359 -673.014752820131 3.7215467608950483 2.388477664433244 0.0
24.1 -669.2931903812531 -672.1697847113617 2.8765943301085315 1.8461897024362814 0.0
24.2 -669.2932000422278 -672.2418561202286 2.9486560780007687 1.8924387183318208 0.0
24.3 -669.2932019237164 -672.280761468532 2.98755954481551 1.9174068478559227 0.0
24.400000000000002 -669.2931899803117 -671.9996956061991 2.70650562588746 1.7370272769434159 0.0
24.5 -669.2931960877116 -672.8253836874297 3.5321875997181365 2.2669475168668343 0.0
24.6 -669.2932034197707 -674.0871035588114 4.793900139040577 3.0767108794484246 0.0
24.7 -669.2932061724168 -674.7733899256091 5.480183753192241 3.5171656659075756 0.0
24.8 -669.2932151676838 -674.3399768589355 5.046761691251715 3.238996673085737 0.0
24.900000000000002 -669.2931855237207 -672.519038998526 3.2258534748052248 2.0703431847927636 0.0
25.0 -669.2931985755168 -672.9391612842451 3.6459627087282547 2.3399680441095896 0.0
25.1 -669.2932278143704 -673.9770462993154 4.683818484944971 3.0060608006064795 0.0
25.2 -669.2931843963654 -672.3845247876295 3.091340391264077 1.9840130870527568 0.0
25.3 -669.293192369947 -672.9396534646074 3.646461094660451 2.3402879067215085 0.0
25.400000000000002 -669.2932264620273 -674.7200752859468 5.4268488239194586 3.4829354666149754 0.0
25.5 -669.2932006559462 -673.4887800772157 4.195579421269449 2.6927104187850452 0.0
25.6 -669.2931887208199 -672.0149190546966 2.7217303338767542 1.7467984493392725 0.0
25.7 -669.2931998828129 -672.1250027058919 2.8318028230789567 1.8174426461798354 0.0
25.8 -669.2932025414948 -672.3774723336221 3.084269792127278 1.9794751975144984 0.0
25.900000000000002 -669.2932021617485 -672.1295760688128 2.8363739070643135 1.8203763543132374 0.0
26.0 -669.293189477612 -671.7749624290092 2.4817729513970996 1.5927945135320332 0.0
26.1 -669.2931992219635 -672.7520449227468 3.4588457007833036 2.2198769038320436 0.0
26.2 -669.2932065793038 -674.1571870774387 4.863980498134857 3.1216882458948136 0.0
26.3 -669.2932139456868 -674.5390811950937 5.245867249406855 3.366782029302433 0.0
26.400000000000002 -669.2931928096476 -673.4094289026658 4.116236093018181 2.641788106229077 0.0
26.5 -669.2932002982066 -673.289353286711 3.9961529885045253 2.564719126196245 0.0
26.6 -669.2932122288546 -673.5088046702695 4.215592441414804 2.705554715709461 0.0
26.7 -669.2931943446611 -672.826881896346 3.533687551684949 2.26791018158681 0.0
26.8 -669.2932067569304 -673.169383325003 3.876176568072528 2.487718615690351 0.0
26.900000000000002 -669.2932019968546 -673.5277468912839 4.23454489442926 2.7177183437973587 0.0
27.0 -669.293207408083 -673.8691604586681 4.57595305058513 2.936833085012518 0.0
27.1 -669.2932058849374 -673.4388363701095 4.145630485172045 2.6606533398617214 0.0
27.2 -669.2931888286519 -672.2330825754804 2.939893746828438 1.8868150801947452 0.0
27.3 -669.2931927710496 -672.232299589327 2.9391068182773763 1.8863100317865227 0.0
27.400000000000002 -669.2932065610813 -672.8857579460438 3.5925513849624897 2.305688815058156 0.0
27.5 -669.2931974171871 -672.4643184629299 3.1711210457427392 2.0352160742833463 0.0
27.6 -669.2931901440755 -672.1153838188739 2.822193674798276 1.8112755233362379 0.0
27.7 -669.2932036440087 -672.7705764001432 3.4773727561344927 2.2317675129623695 0.0
27.8 -669.2932000823796 -672.9487267684219 3.6555266860423457 2.3461061763609115 0.0
27.900000000000002 -669.2931954784989 -672.9721441372135 3.678948658714648 2.3611383288982895 0.0
28.0 -669.2932031962102 -673.3587144258277 4.065511229617451 2.609233039465672 0.0
28.1 -669.2931955921254 -673.4153103953598 4.122114803234471 2.64556104499605 0.0
28.2 -669.2932036378716 -673.8648025547742 4.571598916902625 2.9340386149395106 0.0
28.3 -669.2932096195876 -673.7681186806096 4.474909061022044 2.871983352440942 0.0
28.400000000000002 -669.2931875077185 -672.7524856214093 3.459298113690797 2.220167261093171 0.0
28.5 -669.2932007685245 -673.3429839777006 4.049783209176093 2.599138842632069 0.0
28.6 -669.2932144700817 -673.9768030333083 4.683588563226644 3.005913237530136 0.0
28.7 -669.293194137791 -672.8737259909939 3.580531853202854 2.297974715252533 0.0
28.8 -669.2931927663129 -672.2520308513092 2.9588380849962927 1.898973500198182 0.0
28.900000000000002 -669.2931956265442 -672.6264158537408 3.3332202271966422 2.1392508477796337 0.0
29.0 -669.2932033516313 -673.4609732412894 4.167769889658046 2.6748623439441928 0.0
29.1 -669.2932103932005 -673.5744487885343 4.281238395333732 2.747686094077004 0.0
29.2 -669.2931904355603 -672.4696733506893 3.176482915129006 2.038657306139755 0.0
29.3 -669.2931991152426 -672.5354790852848 3.242279970042157 2.0808856606768757 0.0
29.400000000000002 -669.2932115182974 -672.780445042257 3.4872335239596226 2.2380961244827096 0.0
29.5 -669.2931880202403 -671.8925320735934 2.599344053353046 1.6682512977797324 0.0
29.6 -669.2931969641431 -672.4125860034743 3.1193890393311476 2.0020146261250846 0.0
29.7 -669.2932047181134 -673.6029236854959 4.309718967382425 2.765964840678652 0.0
29.8 -669.2932032280429 -674.2857120617895 4.992508833746555 3.2041773501782944 0.0
29.900000000000002 -669.2932084855216 -674.497043716056 5.203835230534461 3.3398060043542466 0.0
30.0 -669.2932030660829 -673.735876296514 4.44267323043107 2.8512944920536345 0.0
30.1 -669.293190838313 -672.8135832333069 3.5203923949939147 2.2593773894866676 0.0
30.2 -669.2932028438734 -673.0137097959357 3.7205069520623093 2.387810318210868 0.0
30.3 -669.2932036971058 -672.850342820723 3.5571391236171466 2.2829613308413292 0.0
30.400000000000002 -669.293187602364 -672.1865223092402 2.8933347068761757 1.8569336265551064 0.0
30.5 -669.2931982668025 -672.8617525491627 3.568554282360234 2.2902875458388983 0.0
30.6 -669.2932069464723 -673.596350051849 4.303143105376689 2.7617444719625763 0.0
30.7 -669.2931948120769 -673.3015495125463 4.008354700469411 2.57255014871683 0.0
30.8 -669.2932041428052 -673.2222686324518 3.92906448964668 2.521661926768828 0.0
30.900000000000002 -669.2931987847328 -672.631446215876 3.3382474311432313 2.1424772923502484 0.0
31.0 -669.2931919474457 -672.1298357463189 2.8366437988731685 1.8205495700750378 0.0
31.1 -669.2932022711997 -672.4847528349687 3.1915505637690798 2.048327678311483 0.0
31.2 -669.2931980276637 -672.5201028683323 3.2269048406686 2.0710179482830964 0.0
31.3 -669.2931933834489 -672.5816529524535 3.288459569004666 2.1105235902155894 0.0
31.400000000000002 -669.2932005806053 -673.1656846729921 3.8724840923868378 2.4853487957556917 0.0
31.5 -669.2931984395562 -673.4640361328121 4.170837693255869 2.67683125118708 0.0
31.6 -669.2931977718471 -673.7243712133142 4.431173441467026 2.843913961631464 0.0
31.7 -669.2932075957023 -674.0355466082118 4.742339012509583 3.0436191014903056 0.0
31.8 -669.2932026953172 -673.3383015753907 4.045098880073544 2.5961324541186004 0.0
31.900000000000002 -669.2931880200188 -672.3587447024548 3.0655566824360725 1.9674651792610172 0.0
32.0 -669.2931971064489 -672.9350124040615 3.6418152976125517 2.337306247966339 0.0
32.1 -669.2932133172432 -673.8771692244934 4.583955907250233 2.941969294665211 0.0
32.2 -669.2931992345129 -673.2914617184147 3.998262483901678 2.566072994080499 0.0
32.3 -669.2931959010892 -672.7487126089919 3.455516707902644 2.2177403660827237 0.0
32.4 -669.2931978566301 -673.0855408785482 3.792343021918147 2.433914494612529 0.0
32.5 -669.2932128502372 -673.6907595966012 4.397546746364042 2.822332448528867 0.0
32.6 -669.2932009245329 -672.8554692399777 3.56226831544475 2.2862532309312473 0.0
32.7 -669.293190595536 -671.8396808984573 2.546490302921362 1.634329917639061 0.0
32.8 -669.2931935312372 -672.1502247407182 2.857031209480957 1.8336341496869357 0.0
32.9 -669.2932069282577 -673.2775206084381 3.984313680180265 2.5571206932564876 0.0
33.0 -669.2932077765308 -673.3965615397805 4.1033537632496095 2.6335202652223724 0.0
33.1 -669.2931895670558 -672.5931468248059 3.2999572577501164 2.1179027727237005 0.0
33.2 -669.2931978283352 -673.0659732299163 3.7727754015810278 2.4213560539629535 0.0
33.3 -669.2932051479534 -674.0626244347652 4.7694192868118055 3.060999141154789 0.0
33.4 -669.2932095680711 -674.303525336739 5.010315768667841 3.2156057881542495 0.0
33.5 -669.2931989690396 -673.3266400790857 4.033441110046081 2.5886505319188644 0.0
33.6 -669.2931906283468 -672.5994329448433 3.3062423164965806 2.121936504771171 0.0
33.7 -669.293204787174 -673.1637162769537 3.8705114897797364 2.484082785257753 0.0
33.8 -669.2932096902317 -673.3154717628094 4.022262072577611 2.5814758588544633 0.0
33.9 -669.2931966954466 -672.5101336836032 3.2169369881565806 2.0646206101285713 0.0
34.0 -669.293192537787 -672.4981989401592 3.2050064023721783 2.056963595585834 0.0
34.1 -669.2932077910685 -673.6879655401282 4.39475774905963 2.8205424783375075 0.0
34.2 -669.2932104551181 -673.9558492822946 4.662638827176443 2.992467759118455 0.0
34.300000000000004 -669.2931957097572 -672.6402640115609 3.3470683018037177 2.148138500957059 0.0
34.4 -669.2931852253308 -671.7105892935936 2.4174040682627758 1.5514827554033057 0.0
34.5 -669.2932011680613 -672.4823926937864 3.189191525725137 2.0468136546972397 0.0
34.6 -669.2932091458455 -673.0446075911493 3.751398445303787 2.407636386877681 0.0
34.7 -669.2931952659472 -672.4991138005239 3.2059185345766013 2.0575489993271403 0.0
34.800000000000004 -669.2931962322104 -672.656855676152 3.3636594439415566 2.1587866467334496 0.0
34.9 -669.2932041404877 -673.5272382061322 4.234034065644575 2.717390495399647 0.0
35.0 -669.2932000829935 -674.0689746107099 4.775774527716404 3.065077915903027 0.0
35.1 -669.29320821618 -674.4104689838069 5.117260767626963 3.2842427710401685 0.0
35.2 -669.2932049503928 -673.6977250478798 4.404520097486985 2.8268079245804953 0.0
35.300000000000004 -669.2931952881146 -672.5136432254799 3.2204479373653085 2.066873926909143 0.0
35.4 -669.2932003086562 -672.2264215719865 2.93322126333035 1.8825327000916807 0.0
35.5 -669.2932001478964 -672.5928980102002 3.2996978623037427 2.1177362934961845 0.0
35.6 -669.2932063706654 -673.396097580775 4.10289121010954 2.6332233999900776 0.0
35.7 -669.2932071430093 -673.7238486674729 4.430641524463623 2.843572578877576 0.0
35.800000000000004 -669.2931970515538 -673.4175140616816 4.124317010127865 2.646974414843395 0.0
35.9 -669.2932026640156 -673.4982971937015 4.205094529685976 2.6988171871229687 0.0
36.0 -669.2932094494089 -673.1557966555022 3.8625872060933117 2.478997003509546 0.0
36.1 -669.2931905823531 -671.7492154315979 2.4560248492448853 1.5762694579991239 0.0
36.2 -669.2931908161991 -671.705310218398 2.412119402198933 1.548091072410065 0.0
36.300000000000004 -669.2932087458944 -673.0123396770778 3.71913093118335 2.3869271920952104 0.0
36.4 -669.2932015593219 -673.5727560787561 4.279554519434208 2.746605387522957 0.0
36.5 -669.2932085741409 -673.6471307355465 4.353922161405653 2.7943343193939207 0.0
36.6 -669.2931932676734 -672.9071743607802 3.613981093106849 2.3194423381351617 0.0
36.7 -669.2931973731722 -673.0329231386644 3.7397257654921363 2.4001448956227103 0.0
36.800000000000004 -669.2932074891077 -673.7124615282265 4.41925403911887 2.8362641245849147 0.0
36.9 -669.2932018491628 -673.6111182678833 4.3179164187205705 2.7712259406148867 0.0
37.0 -669.2932009478742 -673.3583697105449 4.065168762670762 2.6090132451958357 0.0
37.1 -669.2932011893196 -673.2559666608889 3.962765471569304 2.5432911169317634 0.0
37.2 -669.2932013594763 -673.1895727002282 3.8963713407519536 2.5006795608516343 0.0
37.300000000000004 -669.2932038338502 -672.9676733135244 3.6744694796742685 2.3582636050857717 0.0
37.4 -669.2931964779438 -672.3272930333248 3.0340965553811 1.9472741631005857 0.0
37.5 -669.2931922831816 -672.1775225645442 2.884330281362666 1.8511546129884735 0.0
37.6 -669.2931991644189 -673.059270204976 3.766071040557094 2.417053214958423 0.0
37.7 -669.2932140051226 -673.7876123622281 4.494398357105382 2.8844915248169314 0.0
37.800000000000004 -669.2931988855738 -672.6521982156904 3.358999330116646 2.15579579951329 0.0
37.9 -669.2931822658946 -671.9844581463411 2.691275880446525 1.727252871526049 0.0
38.0 -669.2932158496658 -673.5259029803399 4.232687130674147 2.7165260365337485 0.0
38.1 -669.293206376681 -673.5289761725428 4.235769795861758 2.7185044819008475 0.0
38.2 -669.2931979718851 -672.5571348617252 3.2639368898401093 2.0947850075187224 0.0
38.300000000000004 -669.2931928046019 -672.0487070811959 2.7555142765940306 1.7684808834939625 0.0
38.4 -669.2931982073766 -672.8158922163987 3.522694009022055 2.2608545585380218 0.0
38.5 -669.2932082320945 -674.1803172019253 4.887108969830827 3.1365320303767836 0.0
38.6 -669.2932112003606 -674.737390030074 5.444178829713481 3.494057812892727 0.0
38.7 -669.2932113237968 -673.9544758877418 4.661264563945043 2.9915857610557834 0.0
38.800000000000004 -669.293186946035 -672.4057639336396 3.112576987604622 1.9976426715472904 0.0
38.9 -669.2932061658271 -672.7607378712496 3.4675317054225063 2.2254515558267185 0.0
39.0 -669.2932120624081 -672.855589322143 3.5623772597348933 2.2863231510532804 0.0
39.1 -669.2931871269764 -671.9542776550765 2.661090528100034 1.7078800019895926 0.0
39.2 -669.2932033814143 -672.8629009448032 3.5696975633889436 2.2910213002095103 0.0
39.300000000000004 -669.2932089267924 -674.0366108039609 4.7434018771685 3.044301244873486 0.0
39.4 -669.2932117965327 -674.0976365754332 4.804424778900552 3.083465562070149 0.0
39.5 -669.293196580688 -672.8850701145446 3.5918735338566647 2.3052537722305106 0.0
39.6 -669.293192648067 -672.3228990897017 3.0297064416346737 1.9444566011293534 0.0
39.7 -669.2932114342605 -672.7627462663202 3.469534832059729 2.2267371565565846 0.0
39.800000000000004 -669.2931949352806 -672.2491537242214 2.9559587889408228 1.8971255765364283 0.0
39.9 -669.2931963195272 -672.4514274723599 3.158231152832694 2.0269433792748934 0.0
40.0 -669.2932082671465 -673.4259724485803 4.13276418143384 2.652395784313736 0.0
40.1 -669.2932017683806 -673.7416659776662 4.448464209285611 2.855011125093051 0.0
40.2 -669.2932070266648 -674.1730451870969 4.879838160432092 3.1318656464867014 0.0
40.300000000000004 -669.2932140457883 -673.9847763545287 4.691562308740314 3.0110307637322515 0.0
40.4 -669.293191604441 -672.4976898406112 3.2044982361702017 2.0566374560258014 0.0
40.5 -669.2931936567638 -672.2633810254486 2.9701873686846882 1.9062574367811878 0.0
40.6 -669.2932061287894 -673.1515142375094 3.858308108720064 2.4762506915170883 0.0
40.7 -669.2932045060289 -673.476289102181 4.183084596152088 2.684691277113253 0.0
40.800000000000004 -669.2932054328713 -673.4471535679874 4.153948135116025 2.6659915829063934 0.0
40.9 -669.2932079368979 -672.9555803385495 3.6623724016515213 2.3504997363186657 0.0
41.0 -669.2931876710358 -672.3460158691737 3.0528281981378895 1.9592960758205467 0.0
41.1 -669.2932156485183 -673.4286421925958 4.135426544077548 2.654104480755747 0.0
41.2 -669.2932056650908 -673.0790644499583 3.7858587848675405 2.4297529305206838 0.0
41.300000000000004 -669.2931913322277 -671.918442639102 2.6252513068742465 1.6848784961888463 0.0
41.4 -669.2931909204883 -671.950024719158 2.656833798669717 1.7051480456765127 0.0
41.5 -669.2932019587732 -673.2698808298417 3.9766788710683985 2.5522206954309814 0.0
41.6 -669.2932146257313 -674.2318650224569 4.938650396725564 3.169611165166828 0.0
41.7 -669.2931993689679 -673.4590187595203 4.165819390552446 2.6736105194079074 0.0
41.800000000000004 -669.2931988406787 -672.7802923173807 3.487093476702018 2.238006242568483 0.0
41.9 -669.2931979731715 -672.7072967099643 3.414098736792861 2.1911584351658955 0.0
42.0 -669.2932049577471 -673.2530689179081 3.9598639601610364 2.5414289355225264 0.0
42.1 -669.2932103071624 -673.457686675622 4.164476368459553 2.6727485718151964 0.0
42.2 -669.2931927571175 -672.9859168491848 3.692724092067329 2.3699793611342663 0.0
42.300000000000004 -669.2932112755136 -673.5991755037805 4.30596422826696 2.763555060259581 0.0
42.4 -669.2932051054739 -673.5860596450367 4.292854539562776 2.7551413009628725 0.0
42.5 -669.293204915732 -673.2330676431607 3.939862727428758 2.528592203724834 0.0
42.6 -669.2931985540027 -672.8260684315742 3.532869877571442 2.2673854007678726 0.0
42.7 -669.2931990178174 -672.9528123805735 3.659613362756121 2.3487289933452837 0.0
42.800000000000004 -669.2932101448329 -673.2572734923193 3.9640633474864573 2.5441240898428923 0.0
42.9 -669.2931944947001 -672.3884847452522 3.0952902505521798 1.9865480950194494 0.0
43.0 -669.2931878046109 -672.146325147519 2.8531373429081124 1.831135077678692 0.0
43.1 -669.2932074919175 -673.2703272776852 3.9771197857675764 2.552503673176142 0.0
43.2 -669.2932074157961 -673.3591969747605 4.065989558964334 2.609540029820671 0.0
43.300000000000004 -669.2931890929838 -672.5145455502875 3.2213564573036977 2.067457012308831 0.0
43.4 -669.2932030755385 -672.9020823515265 3.608879275988005 2.316168007052069 0.0
43.5 -669.2932042781762 -673.139640923764 3.846436645587852 2.4686316217170328 0.0
43.6 -669.2931925324037 -673.18363174342 3.890439211016269 2.4968723375956796 0.0
43.7 -669.2932145674796 -674.1274816446748 4.834267077195202 3.1026182605344252 0.0
43.800000000000004 -669.293207767769 -673.631041977316 4.33783420954703 2.784009119645105 0.0
43.9 -669.293195897991 -672.4284334050624 3.1352375070713756 2.0121861256775775 0.0
44.0 -669.2931974956975 -672.3390694399536 3.045871944256059 1.9548315727275147 0.0
44.1 -669.2932048800125 -673.2463248530822 3.9531199730698114 2.5371006646256307 0.0
44.2 -669.293209848421 -674.1163838465991 4.823173998178092 3.0954987553489555 0.0
44.300000000000004 -669.2932087423281 -673.9686442759709 4.675435533642719 3.0006806473439025 0.0
44.4 -669.2931943741232 -672.7989938604902 3.5057994863669335 2.2500117040461665 0.0
44.5 -669.2931913455559 -672.2999172457654 3.0067259002094766 1.9297077578560617 0.0
44.6 -669.2932021442678 -672.7534966183487 3.46029447408091 2.2208067222340375 0.0
44.7 -669.2932023205744 -672.7610656182947 3.467863297720247 2.2256643707791395 0.0
44.800000000000004 -669.2932001967945 -672.2019130380745 2.90871284127999 1.8668032675683848 0.0
44.9 -669.2931892857932 -671.9075607724966 2.6143714867033934 1.6778958598978857 0.0
45.0 -669.293204299964 -673.1222866567706 3.8290823568065293 2.457493690690111 0.0
45.1 -669.2932083611408 -674.2660756421072 4.9728672809664305 3.1915714599062524 0.0
45.2 -669.2932097344435 -674.3458563107836 5.052646576340072 3.242773574867274 0.0
45.300000000000004 -669.2931996659688 -673.3782641539684 4.085064487999594 2.6217822626551746 0.0
45.4 -669.2931977351834 -672.798229327525 3.505031592341569 2.249518871940036 0.0
45.5 -669.2932115142341 -672.8812423745958 3.5880308603615902 2.302787555787623 0.0
45.6 -669.2931979690653 -672.3023770372446 3.0091790681793102 1.931282193777335 0.0
45.7 -669.2931962795323 -672.7004462511878 3.4072499716555655 2.1867629180300456 0.0
45.800000000000004 -669.2932158287539 -674.1870260319398 4.893810203185944 3.1408328620527515 0.0
45.9 -669.2932132053802 -674.1400132296862 4.846800024306072 3.110661868788493 0.0
46.0 -669.2931903606145 -672.7243521581778 3.4311617975632402 2.202109456919849 0.0
46.1 -669.2931950120781 -672.800966010784 3.507770998705921 2.251277014813266 0.0
46.2 -669.2932129261923 -673.744603899827 4.45139097363469 2.856889513764743 0.0
46.300000000000004 -669.2932041956916 -673.1700358147377 3.8768316190461105 2.488139025460801 0.0
46.4 -669.2931961285384 -671.9916727745798 2.6984766460413807 1.7318743015107136 0.0
46.5 -669.293193403791 -671.6329006486739 2.339707244882862 1.5016171647864338 0.0
46.6 -669.2932030912841 -672.3869507401246 3.093747648840467 1.985558057819794 0.0
46.7 -669.2931990382665 -673.2213916595931 3.9281926213266622 2.5211023642690167 0.0
46.800000000000004 -669.2932114414173 -674.1694041866267 4.876192745209399 3.129526029817504 0.0
46.9 -669.2932095644137 -673.8341913823596 4.540981817945903 2.9143886517101665 0.0
47.0 -669.2931889734504 -672.8762027024738 3.583013729023454 2.2995675757872145 0.0
47.1 -669.2932126183283 -673.650447665482 4.357235047153743 2.796460519633369 0.0
47.2 -669.2932140446442 -673.753123824125 4.459909779480908 2.862356858070378 0.0
47.300000000000004 -669.2932007435097 -672.8495790356332 3.55637829212342 2.28247303144704 0.0
47.4 -669.293203331498 -672.453902640903 3.1606993094050346 2.028527434836765 0.0
47.5 -669.293198277646 -672.2409378486094 2.9477395709635035 1.8918505068357823 0.0
47.6 -669.2931948966074 -672.6003751638827 3.3071802672754176 2.122538478796898 0.0
47.7 -669.2932082724095 -673.7170886309542 4.423880358544657 2.839233282660028 0.0
47.800000000000004 -669.2932085396363 -674.0145822806713 4.721373741035015 3.03016365248938 0.0
47.9 -669.2932049108773 -673.4285389212623 4.135334010385004 2.6540450929065407 0.0
48.0 -669.2931998459103 -672.8673303832513 3.5741305373409844 2.2938663697334833 0.0
48.1 -669.2932074711276 -672.8746145597765 3.5814070886488603 2.2985364387638088 0.0
48.2 -669.2932046529189 -672.4987419223019 3.2055372693828934 2.0573043044575328 0.0
48.300000000000004 -669.2931900402217 -671.8966381228453 2.6034480826235185 1.6708852515834856 0.0
48.4 -669.2931991974348 -672.6952121939745 3.4020129965397174 2.183401842945667 0.0
48.5 -669.2932159102085 -673.6604272066734 4.367211296464946 2.8028632468286854 0.0
48.6 -669.2931986464489 -672.979109585281 3.6859109388320435 2.3656066996114196 0.0
48.7 -669.2931981186248 -672.8306475170785 3.537449398453736 2.2703245236766856 0.0
48.800000000000004 -669.2932082147472 -673.5784883393721 4.285280124624878 2.7502800639389506 0.0
48.9 -669.2932057736884 -674.0937257667673 4.800519993078913 3.0809594821204414 0.0
49.0 -669.2932221343186 -674.0384172394855 4.745195105166905 3.045452133280003 0.0
49.1 -669.2931938321681 -671.9388650063831 2.6456711742150283 1.6979839064356377 0.0
49.2 -669.2931792906331 -671.3877631594172 2.0945838687840874 1.3442977096087203 0.0
49.300000000000004 -669.2932218481326 -674.0429439394151 4.749722091282437 3.0483575395314473 0.0
49.4 -669.2932259574588 -674.4710356359061 5.177809678447275 3.3231028822766304 0.0
49.5 -669.2931807718304 -672.165026316492 2.8718455446616313 1.8431419460323344 0.0
49.6 -669.2931950596422 -672.5716467027995 3.278451643157215 2.1041005331133347 0.0
49.7 -669.2932180471499 -674.2432606248285 4.950042577678568 3.1769226330869267 0.0
49.800000000000004 -669.2932116160682 -673.8783802689612 4.585168652893021 2.9427476312189462 0.0
49.9 -669.2931967866998 -672.1327276728433 2.8395308861435526 1.8224024941153967 0.0
50.0 -669.2931880605056 -671.2741236503072 1.9809355898015297 1.2713585815011823 0.0
