t       H       V      T     P
0.0 -669.2931788751569 -669.2932036253563 2.4750199478244956E-5 1.5884604558841528E-5 0.0
0.1 -669.2931825987793 -670.2416940905692 0.9485114917899912 0.608751859953464 0.0
0.2 -669.2931916528006 -672.5049030719299 3.211711419129324 2.0612668554379936 0.0
0.3 -669.2932004263059 -674.7419977353851 5.448797309079177 3.497021939240547 0.0
0.4 -669.2932039044471 -675.6986269932355 6.405423088788416 4.110981525094851 0.0
0.5 -669.2932006184799 -674.9533881033966 5.660187484916714 3.6326915266212363 0.0
0.6 -669.2931911061157 -673.1617155503845 3.8685244442688123 2.482807505347011 0.0
0.7000000000000001 -669.2931844806465 -671.7926187576151 2.4994342769685884 1.6041294998595033 0.0
0.8 -669.2931859999296 -671.8575334345124 2.5643474345828734 1.6457905717338936 0.0
0.9 -669.2931919561611 -673.1701173406111 3.876925384450029 2.4881992038187106 0.0
1.0 -669.2932001672193 -674.7475535001304 5.454353332911105 3.5005877788438697 0.0
1.1 -669.2932015303113 -675.3334949245811 6.040293394269832 3.8766423709714117 0.0
1.2 -669.2931952908465 -674.6031856820626 5.309990391216128 3.4079360713781806 0.0
1.3 -669.2931901672979 -673.320244856636 4.0270546893381125 2.5845517460653746 0.0
1.4000000000000001 -669.2931885838285 -672.2150064811385 2.921817897309986 1.875214053628551 0.0
1.5 -669.2931884743198 -671.5456938644458 2.2525053901259344 1.4456512732456859 0.0
1.6 -669.2931886578721 -671.3454639254512 2.0522752675791196 1.3171441749404698 0.0
1.7 -669.2931901180806 -671.5830868548901 2.289896736809525 1.4696489285580583 0.0
1.8 -669.2931919796854 -672.0685793150211 2.775387335335748 1.7812353536049723 0.0
1.9000000000000001 -669.2931928253038 -672.567721035014 3.2745282097102355 2.101582485173035 0.0
2.0 -669.2931934756065 -672.9781413316351 3.6849478560286584 2.3649885959269366 0.0
2.1 -669.2931930278254 -673.2731868581633 3.979993830337917 2.5543482264503274 0.0
2.2 -669.293192819565 -673.5609158504967 4.267723030931688 2.7390119733215803 0.0
2.3000000000000003 -669.2931947228097 -673.8913981689279 4.598203446118218 2.9511133228195536 0.0
2.4 -669.2931962560937 -674.0259442803617 4.732748024268018 3.0374636337059076 0.0
2.5 -669.2931941381892 -673.8113906171085 4.5181964789193625 2.8997650887569106 0.0
2.6 -669.2931935646219 -673.4945079456598 4.201314381037964 2.696391098941332 0.0
2.7 -669.2931907907154 -673.2414323460694 3.9482415553539534 2.533969710616255 0.0
2.8000000000000003 -669.2931926341158 -673.3213256760631 4.028133041947241 2.5852438295690274 0.0
2.9 -669.2931948640403 -673.4618232897468 4.1686284257064665 2.675413349831667 0.0
3.0 -669.2931911022886 -673.3513789841553 4.058187881866759 2.6045329366172543 0.0
3.1 -669.2931907390245 -673.3966264424474 4.10343570342294 2.6335728541823915 0.0
3.2 -669.2931971277463 -673.5936634221399 4.300466294393534 2.760026502619195 0.0
3.3000000000000003 -669.2932009895826 -673.0952877490555 3.8020867594729437 2.4401679964527516 0.0
3.4 -669.2931910451081 -671.5837566499758 2.2905656048678127 1.4700782060924587 0.0
3.5 -669.2931837854532 -670.5256475787073 1.2324637932542002 0.7909916041743763 0.0
3.6 -669.2931893644004 -670.9528301869329 1.6596408225324821 1.0651525535707866 0.0
3.7 -669.2931935853237 -672.166836585647 2.8736430003233666 1.8442955477406282 0.0
3.8000000000000003 -669.2931963701884 -673.4147015575546 4.1215051873662185 2.645169795341335 0.0
3.9 -669.2931965578032 -674.2512284364437 4.958031878640601 3.1820501427296275 0.0
4.0 -669.2931988321368 -674.5758189954869 5.282620163350134 3.3903699403771417 0.0
4.1 -669.2931993559592 -674.1716036103862 4.878404254427002 3.1309453698689143 0.0
4.2 -669.2931960465417 -673.0894592494885 3.796263202946837 2.4364304551604246 0.0
4.3 -669.2931850590006 -672.1376671198493 2.8444820608486348 1.8255801433444905 0.0
4.4 -669.2931917175005 -672.7135374562906 3.4203457387901475 2.195167742504707 0.0
4.5 -669.2931999562429 -674.0238761467215 4.730676190478544 3.0361339369296707 0.0
4.6000000000000005 -669.2932006560605 -674.7302997889013 5.437099132840776 3.489514084454569 0.0
4.7 -669.2931993041574 -674.6107598161921 5.3175605120346905 3.412794552449059 0.0
4.8 -669.293197224067 -673.8785305999651 4.585333375898119 2.942853349954669 0.0
4.9 -669.2931987639931 -672.8170001808696 3.523801416876507 2.2615652896118776 0.0
5.0 -669.2931913679171 -671.4759107955174 2.1827194276003117 1.4008628496432003 0.0
5.1000000000000005 -669.2931855973751 -671.0148346210464 1.7216490236712783 1.1049492330020236 0.0
5.2 -669.2932030934693 -671.9408961731201 2.647693079650792 1.699281559342666 0.0
5.3 -669.2931965902828 -672.2660078734498 2.972811283166969 1.9079414573073206 0.0
5.4 -669.2931931244914 -672.4696623678001 3.1764692433086643 2.038648531606042 0.0
5.5 -669.2931967727802 -673.0871103168461 3.7939135440658185 2.434922451065106 0.0
5.6000000000000005 -669.2931995771684 -673.6520278530443 4.358828275875875 2.7974830490980342 0.0
5.7 -669.2932012988238 -673.7731630251835 4.479961726359758 2.875226138056804 0.0
5.8 -669.293195074261 -673.4706066434371 4.177411569176085 2.681050345239364 0.0
5.9 -669.2931991633674 -673.4946250121862 4.201425848818831 2.6964626386322212 0.0
6.0 -669.2931982289527 -673.4712275281121 4.17802929915928 2.681446802508964 0.0
6.1000000000000005 -669.2931942138783 -673.4766399969598 4.1834457830814 2.68492308581237 0.0
6.2 -669.2932019867004 -673.9399852756387 4.646783288938331 2.9822917217414076 0.0
6.3 -669.2932034501712 -673.9353046447974 4.642101194626218 2.9792867675098065 0.0
6.4 -669.2931952941498 -673.4589051167134 4.165709822563655 2.6735401989979333 0.0
6.5 -669.2932038239007 -673.358830089259 4.065626265358267 2.609306869062666 0.0
6.6000000000000005 -669.2931957118922 -672.9602633120464 3.6670676001542404 2.3535131007809 0.0
6.7 -669.2931995758179 -672.8153590453809 3.522159469562986 2.2605114926998704 0.0
6.8 -669.2931986598452 -672.4391711892216 3.1459725293764302 2.0190758311280734 0.0
6.9 -669.293192836069 -671.7804352073384 2.4872423712693656 1.596304770971113 0.0
7.0 -669.2931918054165 -671.5258857162105 2.2326939107940063 1.4329363246170919 0.0
7.1000000000000005 -669.2931954174252 -671.8282380718215 2.535042654396261 1.626982850795835 0.0
7.2 -669.2931969073451 -672.2151717838948 2.921974876549765 1.8753148024386777 0.0
7.3 -669.293189457912 -672.6675576202558 3.374368162343803 2.165659470417202 0.0
7.4 -669.2931988472385 -674.0700387759737 4.776839928735209 3.065761687114454 0.0
7.5 -669.2932170820592 -675.1325637489654 5.839346666906167 3.7476753578218474 0.0
7.6000000000000005 -669.2931989426586 -673.8789026674492 4.585703724790628 2.94309103877457 0.0
7.7 -669.293187398615 -672.8289961640832 3.5358087654681434 2.2692715702964414 0.0
7.8 -669.2932114115489 -673.3549880085311 4.061776596982172 2.606836163325902 0.0
7.9 -669.2931971301072 -672.9208951172762 3.6276979871690544 2.3282458000282737 0.0
8.0 -669.2931889270479 -673.0179568754608 3.7247679484127785 2.390545013020636 0.0
8.1 -669.2932099786145 -674.5580952819963 5.264885303381799 3.378987759892049 0.0
8.2 -669.2932105418182 -674.8331993324593 5.539988790641163 3.5555483614223267 0.0
8.3 -669.2931954178404 -673.548313994333 4.255118576492569 2.7309224718764975 0.0
8.4 -669.2931984627802 -672.5104377987351 3.2172393359548934 2.0648146560480662 0.0
8.5 -669.2931969177391 -671.5483178133801 2.2551208956410105 1.447329896921627 0.0
8.6 -669.2931876322375 -670.8524177435014 1.5592301112639453 1.0007092571288858 0.0
8.700000000000001 -669.2931941327588 -671.4886252606668 2.1954311279080416 1.4090211811684181 0.0
8.8 -669.2932064533038 -672.5150331023306 3.2218266490267995 2.0677587799610424 0.0
8.9 -669.2931924210855 -672.5536846434014 3.2604922223159924 2.0925742301265893 0.0
9.0 -669.2931931517173 -673.2925674017457 3.9993742500284113 2.5667865222805686 0.0
9.1 -669.2932151958643 -674.5373024637172 5.24408726785297 3.36563964242469 0.0
9.200000000000001 -669.2931995788497 -673.9302214263998 4.637021847550165 2.976026857633479 0.0
9.3 -669.2931962479245 -673.2508959587833 3.957699710858811 2.5400399267445235 0.0
9.4 -669.2932049144299 -673.2085073248861 3.9153024104562073 2.512829465194517 0.0
9.5 -669.293193164724 -673.0069620226262 3.7137688579022594 2.3834858293797088 0.0
9.6 -669.2932019270465 -673.8028931896839 4.5096912626374275 2.8943064661932945 0.0
9.700000000000001 -669.2932098850521 -674.4098231664952 5.116613281443188 3.283827216329362 0.0
9.8 -669.2931919630403 -673.7617710327148 4.468579069674494 2.8679207827834694 0.0
9.9 -669.2931998375706 -673.6785628154373 4.3853629778668 2.8145129420725543 0.0
10.0 -669.2932064150779 -673.2530782575732 3.9598718424953168 2.5414339943812703 0.0
10.1 -669.2931872764483 -671.7172639369982 2.42407666054982 1.5557652053267998 0.0
10.200000000000001 -669.2931867840822 -671.3881113059545 2.0949245218722576 1.3445163397495434 0.0
10.3 -669.2932026684222 -672.4216835582977 3.1284808898754597 2.0078497488169815 0.0
10.4 -669.293203629736 -672.7567913545971 3.4635877248611493 2.2229203208094015 0.0
10.5 -669.2931917929541 -672.2756620538777 2.982470260923566 1.9141405605606518 0.0
10.6 -669.293196237076 -672.5116729348323 3.2184766977562616 2.0656087911793093 0.0
10.700000000000001 -669.2932076616074 -672.937881596685 3.64467393507757 2.3391409130060614 0.0
10.8 -669.2931904516225 -672.4643022696029 3.171111817980351 2.0352101519328363 0.0
10.9 -669.2931943408026 -673.1503638888689 3.857169548066237 2.475519966669065 0.0
11.0 -669.2932162247505 -674.4487559417022 5.155539716951647 3.3088100870929136 0.0
11.1 -669.2931982335897 -673.87045152641 4.577253292820266 2.9376675766195044 0.0
11.200000000000001 -669.2931914998139 -673.5090908343298 4.215899334515817 2.7057516787907367 0.0
11.3 -669.2932126939052 -674.2174226344129 4.924209940507748 3.1603433232300024 0.0
11.4 -669.2932030703428 -673.4788835319756 4.185680461632805 2.686357295873441 0.0
11.5 -669.2931856030921 -672.40814061621 3.1149550131178927 1.9991688812629875 0.0
11.6 -669.2932016855365 -673.0960741939856 3.8028725084491137 2.44067228781331 0.0
11.700000000000001 -669.2932058671244 -673.6952741884813 4.402068321356955 2.8252343819378773 0.0
11.8 -669.293199119357 -673.5256393172709 4.2324401979138395 2.716367555821156 0.0
11.9 -669.2932072543878 -673.2954884273756 4.002281172987864 2.568652176807293 0.0
12.0 -669.2932011245953 -672.2894298878281 2.996228763232854 1.9229707265032354 0.0
12.1 -669.2931901413706 -671.4108825413987 2.117692400028061 1.3591286963677884 0.0
12.200000000000001 -669.2932068185837 -671.8721891540838 2.578982335500061 1.6551832077016033 0.0
12.3 -669.2931988903231 -671.9553485793538 2.662149689030664 1.7085597683309515 0.0
12.4 -669.2931928420948 -672.478288406773 3.1850955646783055 2.0441848790554706 0.0
12.5 -669.2932117672958 -674.0270211820012 4.733809414705441 3.0381448309381085 0.0
12.6 -669.2932076279044 -674.3391665139876 5.04595888608322 3.2384814351115727 0.0
12.700000000000001 -669.29319591867 -673.7524549429276 4.459259024257549 2.86193920529967 0.0
12.8 -669.2932022321542 -673.8832875884406 4.5900853562864015 2.945903156862512 0.0
12.9 -669.2932154868274 -673.8070233815434 4.513807894715993 2.8969485084418722 0.0
13.0 -669.2931834105339 -672.4597077815348 3.1665243710009987 2.0322659420784586 0.0
13.1 -669.293199857804 -673.1692382416014 3.8760383837974857 2.4876299294328024 0.0
13.200000000000001 -669.2932140528225 -674.1333220618328 4.840108009010331 3.1063669532356712 0.0
13.3 -669.293191347087 -673.4378512732937 4.144659926206657 2.6600304379986563 0.0
13.4 -669.29320039682 -673.5674214167028 4.2742210198827895 2.7431823633423433 0.0
13.5 -669.2932148054582 -673.6119433345273 4.318728529069058 2.7717471506259495 0.0
13.6 -669.2931936295688 -671.9610014500178 2.6678078204489473 1.7121911402801104 0.0
13.700000000000001 -669.2931868841329 -671.1965996792887 1.9034127951558903 1.221604682009396 0.0
13.8 -669.2932040162191 -672.2599289007975 2.966724884578427 1.9040352247595198 0.0
13.9 -669.2932059577282 -672.8510679447104 3.5578619869821866 2.283425262403328 0.0
14.0 -669.2931933454955 -672.5106776878293 3.2174843423338624 2.0649719004148333 0.0
14.1 -669.2931966771081 -672.6881421444945 3.394945467386387 2.1788659237136856 0.0
14.200000000000001 -669.2932022213472 -673.0532754987729 3.760073277425735 2.4132038683839454 0.0
14.3 -669.2931960314812 -672.9657786551887 3.6725826237074957 2.357052626527073 0.0
14.4 -669.2931964289611 -673.2283845186269 3.9351880896657816 2.5255920350843364 0.0
14.5 -669.2932057520969 -673.8369305948603 4.543724842763384 2.9161491168958737 0.0
14.6 -669.2932027177345 -673.8170857356779 4.523883017943397 2.9034146926231186 0.0
14.700000000000001 -669.2931975206138 -673.5246162204826 4.231418699868804 2.715711961407977 0.0
14.8 -669.2931982720912 -673.8595807588308 4.5663824867396094 2.9306907255448755 0.0
14.9 -669.2932198077505 -674.3076162056876 5.014396397937118 3.2182247239066943 0.0
15.0 -669.2931914866173 -672.8011752227159 3.5079837360985495 2.2514135490403846 0.0
15.1 -669.2931936132815 -672.6852566481849 3.3920630349034275 2.177015987102079 0.0
15.200000000000001 -669.2932221288937 -673.6298769485103 4.336654819616559 2.783252190688525 0.0
15.3 -669.2931892104046 -672.4793619429555 3.18617273255085 2.0448762021987004 0.0
15.4 -669.2931986241315 -672.6100256720324 3.3168270479009343 2.1287297539677072 0.0
15.5 -669.2932150496877 -673.1047538464655 3.8115387967779384 2.446234285938508 0.0
15.6 -669.2931902330944 -671.9364368971103 2.643246664015909 1.6964278629865437 0.0
15.700000000000001 -669.2931950377495 -671.7851553821861 2.491960344436592 1.599332752145426 0.0
15.8 -669.2932053750699 -672.3021429594472 3.008937584377327 1.931127210190021 0.0
15.9 -669.2931888603247 -672.4147004923186 3.121511631993899 2.0033768997955224 0.0
16.0 -669.2932048531294 -673.7328448677499 4.4396400146205615 2.849347783149979 0.0
16.1 -669.2932098543326 -674.5278463424744 5.234636488141751 3.3595741600588855 0.0
16.2 -669.293197793561 -674.1155582386851 4.822360445124129 3.094976619413801 0.0
16.3 -669.2932071580373 -673.8478538934987 4.5546467354615086 2.923158755209953 0.0
16.4 -669.2931983174941 -673.1412815970596 3.8480832795654116 2.4696884265161083 0.0
16.5 -669.2932032632929 -673.0344012053414 3.7411979420485233 2.4010897341667214 0.0
16.6 -669.2932073915204 -673.0885873624462 3.7953799709258957 2.435863599471092 0.0
16.7 -669.2931909793917 -672.9662903968677 3.6730994174759695 2.3573843032336743 0.0
16.8 -669.2932090166526 -674.1387050376123 4.845496020959839 3.109824963311569 0.0
16.9 -669.2932120585614 -674.3446979001875 5.051485841626077 3.2420286187732543 0.0
17.0 -669.2931959199884 -672.7626472956946 3.469451375706222 2.2266835945166283 0.0
17.1 -669.2931888148797 -671.4360045326073 2.142815717727535 1.375252767093484 0.0
17.2 -669.2931968485989 -671.3836600102123 2.09046316161351 1.341653051978185 0.0
17.3 -669.2931973250785 -671.7296167105526 2.436419385474099 1.5636867295461525 0.0
17.400000000000002 -669.2931969952998 -672.2886459169514 2.995448921651571 1.9224702264911806 0.0
17.5 -669.2932007338474 -673.0761228336033 3.782922099756006 2.427868174733096 0.0
17.6 -669.2932016451391 -673.6588071561317 4.365605510992653 2.8018326584790394 0.0
17.7 -669.2932042138833 -673.9388067913088 4.64560257742548 2.981533944597179 0.0
17.8 -669.2932087276074 -673.6609034793452 4.367694751737735 2.8031735269877163 0.0
17.900000000000002 -669.2931919162323 -672.7393537261763 3.446161809943977 2.2117364203411 0.0
18.0 -669.2932021581692 -673.317804129554 4.024601971384905 2.5829775989634363 0.0
18.1 -669.2932205758785 -673.9911579049432 4.697937329064624 3.015122232853348 0.0
18.2 -669.293183415427 -672.9683722078166 3.6751887923895667 2.358725257851306 0.0
18.3 -669.2932063921185 -674.0394738107755 4.746267418656977 3.0461403408949708 0.0
18.400000000000002 -669.2932219730478 -674.5967691871036 5.303547214055849 3.403800859402068 0.0
18.5 -669.2931878650536 -672.5651990537056 3.272011188651978 2.0999670685291476 0.0
18.6 -669.2931863168386 -672.0998132249233 2.806626908084719 1.8012848186664863 0.0
18.7 -669.293220889367 -673.3229956328383 4.029774743471276 2.5862974687340716 0.0
18.8 -669.2931982633095 -672.298711542367 3.0055132790574586 1.9289295012001337 0.0
18.900000000000002 -669.2931850959195 -671.6811092906119 2.3879241946923804 1.532562660051267 0.0
19.0 -669.2932138234526 -673.079275109097 3.7860612856444336 2.429882894918208 0.0
19.1 -669.2932073946185 -673.2387598771577 3.9455524825391506 2.5322438716657203 0.0
19.2 -669.2931971404699 -672.6046145109228 3.311417370452888 2.1252578390391577 0.0
19.3 -669.2932021699223 -672.557804265361 3.2646020954387276 2.095211934497378 0.0
19.400000000000002 -669.2932013500309 -672.7115085048003 3.418307154769387 2.193859385331335 0.0
19.5 -669.2931961570388 -673.1387765852896 3.845580428250868 2.468082103971676 0.0
19.6 -669.2932073494984 -674.3500423773818 5.056835027883382 3.2454617106351424 0.0
19.7 -669.2932173966244 -674.8476500137959 5.554432617171526 3.5648183664157402 0.0
19.8 -669.2931934818532 -673.6648486946718 4.371655212818555 2.805715339153505 0.0
19.900000000000002 -669.2932021553443 -673.3840964520139 4.090894296669564 2.625523816554874 0.0
20.0 -669.2932071078274 -673.18414489047 3.8909377826426046 2.497192319385546 0.0
20.1 -669.2931905423815 -672.1550669327506 2.861876390369171 1.8367437723989863 0.0
20.2 -669.293189643894 -672.2177163805877 2.924526736693732 1.8769525787043604 0.0
20.3 -669.2932067241051 -673.3732396119742 4.080032887869108 2.618552996626784 0.0
20.400000000000002 -669.2932029247354 -673.4641628901578 4.170959965422381 2.676909725100605 0.0
20.5 -669.2931932311561 -673.1189708692249 3.8257776380687973 2.455372732013668 0.0
20.6 -669.2932167296447 -673.2299927357263 3.936776006081716 2.526611155126653 0.0
20.7 -669.2931928459479 -671.6581728667319 2.364980020783892 1.5178371573422489 0.0
20.8 -669.2931853692896 -671.1656097423445 1.8724243730548125 1.2017164046882067 0.0
20.900000000000002 -669.2932102135264 -672.7251566264039 3.4319464128774264 2.2026130206995114 0.0
21.0 -669.2932024236449 -673.3393471475208 4.046144723875921 2.5968036735665754 0.0
21.1 -669.2931975013661 -673.6195657851148 4.326368283748762 2.7766503225022134 0.0
21.2 -669.2932077417129 -674.1887337409373 4.895525999224445 3.141934054857244 0.0
21.3 -669.2932050588047 -673.8010919519332 4.507886893128605 2.893148427198463 0.0
21.400000000000002 -669.2931933649702 -672.9113494401022 3.618156075131936 2.3221218292062162 0.0
21.5 -669.2931997714201 -672.9290122662496 3.6358124948295574 2.3334536669584 0.0
21.6 -669.2932014989245 -673.2742555667843 3.981054067859713 2.555028683744701 0.0
21.7 -669.2932034021921 -673.5391611896257 4.245957787433497 2.725043104650459 0.0
21.8 -669.293200267171 -673.5129047186216 4.2197044514506095 2.708193791544715 0.0
21.900000000000002 -669.2932007085677 -673.621625673617 4.3284249650492415 2.777970294455991 0.0
22.0 -669.2932126861326 -673.5781594032641 4.2849467171314854 2.7500660839993487 0.0
22.1 -669.2931923655051 -672.2859624469837 2.9927700814786418 1.9207509548198258 0.0
22.2 -669.2931959602619 -672.2008022116005 2.9076062513385916 1.8660930614286988 0.0
22.3 -669.2932155147518 -672.8469436005264 3.553728085774624 2.2807721368790204 0.0
22.400000000000002 -669.2931919341681 -672.14315258754 2.849960653371924 1.8290962877637695 0.0
22.5 -669.2932033629514 -672.6658567781813 3.372653415229833 2.164558950809359 0.0
22.6 -669.2932090424198 -673.194037521085 3.900828478665121 2.5035401387341327 0.0
22.7 -669.2931926905893 -672.9546305463715 3.66143785578216 2.3498999475537325 0.0
22.8 -669.2932095939075 -673.6479052959073 4.354695701999846 2.7948307754511648 0.0
22.900000000000002 -669.2932036866416 -673.4549963705982 4.161792683956566 2.6710261910671904 0.0
23.0 -669.2931897420395 -673.0186079916867 3.725418249647227 2.390962374422608 0.0
23.1 -669.2932088653727 -673.7880474100612 4.494838544688488 2.884774035901155 0.0
23.2 -669.2932048099091 -673.6186860390198 4.325481229110781 2.7760810134686116 0.0
23.3 -669.2931885342277 -672.9110716416723 3.617883107444489 2.3219466393546657 0.0
23.400000000000002 -669.2932052734661 -673.6137691930929 4.320563919626812 2.7729250988379053 0.0
23.5 -669.293211921143 -673.8292375399179 4.5360256187749375 2.9112077777937824 0.0
23.6 -669.2931964351433 -672.8100666944146 3.5168702592713417 2.2571168932347154 0.0
23.7 -669.2931977068237 -672.4640303481427 3.1708326413190933 2.035030977180324 0.0
23.8 -669.2932015839352 -672.7959088778084 3.502707293873185 2.2480271440822683 0.0
23.900000000000002 -669.2932024014509 -673.150396949328 3.8571945478770884 2.475536011473462 0.0
24.0 -669.2932060592352 -673.0147528201303 3.7215467608951043 2.38847766443328 0.0
24.1 -669.2931903812531 -672.1697847113618 2.876594330108729 1.8461897024364082 0.0
24.2 -669.2932000422278 -672.2418561202286 2.94865607800079 1.8924387183318345 0.0
24.3 -669.293201923716 -672.2807614685312 2.98755954481521 1.9174068478557302 0.0
24.400000000000002 -669.2931899803117 -671.999695606199 2.706505625887313 1.7370272769433215 0.0
24.5 -669.2931960877123 -672.8253836874306 3.532187599718308 2.266947516866944 0.0
24.6 -669.2932034197709 -674.0871035588115 4.793900139040567 3.0767108794484184 0.0
24.7 -669.2932061724168 -674.773389925609 5.480183753192096 3.5171656659074815 0.0
24.8 -669.2932151676831 -674.3399768589346 5.0467616912515405 3.238996673085625 0.0
24.900000000000002 -669.293185523722 -672.5190389985269 3.225853474804969 2.0703431847925993 0.0
25.0 -669.2931985755176 -672.939161284246 3.645962708728311 2.3399680441096256 0.0
25.1 -669.2932278143707 -673.9770462993157 4.683818484945044 3.0060608006065257 0.0
25.2 -669.2931843963655 -672.3845247876294 3.091340391263939 1.9840130870526682 0.0
25.3 -669.2931923699473 -672.9396534646074 3.646461094660105 2.3402879067212865 0.0
25.400000000000002 -669.2932264620277 -674.7200752859468 5.426848823919036 3.4829354666147037 0.0
25.5 -669.2932006559466 -673.4887800772158 4.195579421269174 2.6927104187848685 0.0
25.6 -669.2931887208199 -672.0149190546964 2.7217303338765193 1.7467984493391218 0.0
25.7 -669.2931998828128 -672.1250027058918 2.8318028230789576 1.8174426461798363 0.0
25.8 -669.2932025414955 -672.377472333623 3.084269792127512 1.9794751975146485 0.0
25.900000000000002 -669.2932021617492 -672.1295760688134 2.836373907064277 1.820376354313214 0.0
26.0 -669.2931894776125 -671.7749624290094 2.4817729513969193 1.5927945135319177 0.0
26.1 -669.2931992219646 -672.7520449227482 3.4588457007835016 2.219876903832171 0.0
26.2 -669.2932065793044 -674.1571870774393 4.863980498134926 3.1216882458948576 0.0
26.3 -669.2932139456874 -674.5390811950938 5.245867249406399 3.366782029302141 0.0
26.400000000000002 -669.2931928096475 -673.4094289026657 4.11623609301816 2.6417881062290633 0.0
26.5 -669.2932002982058 -673.2893532867103 3.996152988504451 2.5647191261961977 0.0
26.6 -669.2932122288544 -673.5088046702688 4.215592441414444 2.7055547157092295 0.0
26.7 -669.293194344661 -672.826881896346 3.53368755168509 2.2679101815869007 0.0
26.8 -669.2932067569311 -673.1693833250035 3.876176568072394 2.4877186156902646 0.0
26.900000000000002 -669.2932019968553 -673.527746891284 4.23454489442874 2.7177183437970247 0.0
27.0 -669.2932074080841 -673.8691604586691 4.575953050584932 2.936833085012391 0.0
27.1 -669.2932058849398 -673.4388363701113 4.145630485171575 2.6606533398614194 0.0
27.2 -669.2931888286522 -672.2330825754802 2.9398937468279964 1.886815080194462 0.0
27.3 -669.29319277105 -672.2322995893273 2.9391068182772955 1.886310031786471 0.0
27.400000000000002 -669.2932065610821 -672.8857579460445 3.5925513849623187 2.3056888150580463 0.0
27.5 -669.2931974171877 -672.46431846293 3.171121045742381 2.0352160742831162 0.0
27.6 -669.2931901440774 -672.1153838188756 2.822193674798166 1.8112755233361675 0.0
27.7 -669.2932036440093 -672.7705764001439 3.4773727561346064 2.231767512962443 0.0
27.8 -669.2932000823807 -672.948726768423 3.6555266860421805 2.3461061763608053 0.0
27.900000000000002 -669.2931954784992 -672.9721441372136 3.678948658714339 2.3611383288980914 0.0
28.0 -669.2932031962092 -673.3587144258264 4.065511229617208 2.6092330394655163 0.0
28.1 -669.293195592127 -673.4153103953612 4.1221148032342585 2.6455610449959135 0.0
28.2 -669.293203637873 -673.8648025547757 4.571598916902638 2.9340386149395186 0.0
28.3 -669.2932096195872 -673.7681186806091 4.474909061021847 2.8719833524408163 0.0
28.400000000000002 -669.2931875077192 -672.7524856214096 3.459298113690412 2.2201672610929237 0.0
28.5 -669.2932007685264 -673.3429839777025 4.049783209176084 2.599138842632063 0.0
28.6 -669.2932144700825 -673.9768030333087 4.683588563226162 3.005913237529827 0.0
28.7 -669.293194137792 -672.8737259909941 3.580531853202076 2.297974715252034 0.0
28.8 -669.2931927663135 -672.2520308513097 2.958838084996131 1.8989735001980783 0.0
28.900000000000002 -669.2931956265443 -672.6264158537408 3.3332202271965636 2.139250847779583 0.0
29.0 -669.2932033516315 -673.4609732412891 4.167769889657637 2.6748623439439307 0.0
29.1 -669.2932103932013 -673.5744487885347 4.281238395333404 2.7476860940767933 0.0
29.2 -669.2931904355606 -672.4696733506897 3.1764829151290477 2.0386573061397817 0.0
29.3 -669.2931991152421 -672.5354790852841 3.2422799700419374 2.0808856606767345 0.0
29.400000000000002 -669.2932115182981 -672.7804450422573 3.4872335239591954 2.2380961244824356 0.0
29.5 -669.293188020243 -671.8925320735959 2.5993440533530086 1.6682512977797084 0.0
29.6 -669.2931969641442 -672.4125860034754 3.119389039331321 2.0020146261251957 0.0
29.7 -669.2932047181143 -673.6029236854964 4.309718967382105 2.7659648406784463 0.0
29.8 -669.2932032280451 -674.285712061791 4.992508833745914 3.2041773501778827 0.0
29.900000000000002 -669.2932084855232 -674.4970437160574 5.203835230534141 3.3398060043540414 0.0
30.0 -669.293203066084 -673.735876296515 4.442673230431083 2.851294492053643 0.0
30.1 -669.2931908383134 -672.8135832333072 3.520392394993786 2.2593773894865854 0.0
30.2 -669.2932028438731 -673.0137097959349 3.7205069520617515 2.38781031821051 0.0
30.3 -669.2932036971055 -672.8503428207218 3.5571391236163885 2.2829613308408425 0.0
30.400000000000002 -669.2931876023658 -672.1865223092415 2.893334706875657 1.8569336265547738 0.0
30.5 -669.2931982668034 -672.8617525491636 3.5685542823601812 2.2902875458388645 0.0
30.6 -669.2932069464736 -673.5963500518502 4.30314310537665 2.7617444719625506 0.0
30.7 -669.2931948120795 -673.3015495125486 4.008354700469111 2.5725501487166373 0.0
30.8 -669.293204142805 -673.2222686324513 3.9290644896463376 2.521661926768608 0.0
30.900000000000002 -669.2931987847334 -672.6314462158762 3.338247431142812 2.1424772923499793 0.0
31.0 -669.293191947446 -672.1298357463187 2.8366437988727844 1.8205495700747913 0.0
31.1 -669.2932022712014 -672.4847528349701 3.1915505637687076 2.048327678311244 0.0
31.2 -669.2931980276647 -672.5201028683332 3.2269048406684866 2.0710179482830235 0.0
31.3 -669.2931933834507 -672.5816529524556 3.2884595690049103 2.1105235902157466 0.0
31.400000000000002 -669.293200580606 -673.1656846729928 3.8724840923868227 2.4853487957556823 0.0
31.5 -669.2931984395559 -673.4640361328117 4.170837693255739 2.676831251186996 0.0
31.6 -669.2931977718457 -673.7243712133127 4.431173441466965 2.843913961631425 0.0
31.7 -669.2932075957034 -674.0355466082123 4.7423390125088485 3.043619101489834 0.0
31.8 -669.2932026953177 -673.3383015753906 4.045098880072851 2.596132454118156 0.0
31.900000000000002 -669.293188020018 -672.3587447024538 3.065556682435809 1.967465179260848 0.0
32.0 -669.2931971064504 -672.9350124040627 3.641815297612323 2.337306247966192 0.0
32.1 -669.2932133172432 -673.8771692244931 4.583955907249942 2.941969294665025 0.0
32.2 -669.2931992345141 -673.2914617184157 3.998262483901584 2.566072994080439 0.0
32.3 -669.2931959010899 -672.7487126089924 3.4555167079024214 2.2177403660825807 0.0
32.4 -669.2931978566297 -673.0855408785474 3.792343021917624 2.433914494612193 0.0
32.5 -669.2932128502381 -673.6907595966015 4.397546746363451 2.822332448528488 0.0
32.6 -669.2932009245344 -672.8554692399786 3.5622683154441335 2.2862532309308516 0.0
32.7 -669.2931905955372 -671.8396808984583 2.5464903029209944 1.6343299176388248 0.0
32.8 -669.2931935312382 -672.1502247407195 2.857031209481349 1.833634149687187 0.0
32.9 -669.2932069282584 -673.2775206084389 3.9843136801804753 2.5571206932566226 0.0
33.0 -669.2932077765319 -673.3965615397808 4.103353763248902 2.633520265221918 0.0
33.1 -669.2931895670558 -672.5931468248058 3.299957257749997 2.1179027727236237 0.0
33.2 -669.2931978283362 -673.0659732299174 3.77277540158113 2.4213560539630192 0.0
33.3 -669.2932051479534 -674.0626244347642 4.7694192868108525 3.060999141154177 0.0
33.4 -669.2932095680711 -674.3035253367383 5.010315768667168 3.2156057881538183 0.0
33.5 -669.2931989690389 -673.3266400790848 4.0334411100458585 2.5886505319187214 0.0
33.6 -669.2931906283463 -672.599432944843 3.306242316496661 2.1219365047712224 0.0
33.7 -669.2932047871752 -673.1637162769554 3.870511489780095 2.484082785257983 0.0
33.8 -669.293209690234 -673.3154717628108 4.022262072576815 2.5814758588539526 0.0
33.9 -669.2931966954486 -672.5101336836038 3.2169369881552528 2.064620610127719 0.0
34.0 -669.2931925377874 -672.4981989401598 3.205006402372406 2.0569635955859806 0.0
34.1 -669.2932077910696 -673.6879655401295 4.394757749059933 2.820542478337703 0.0
34.2 -669.293210455118 -673.9558492822935 4.662638827175466 2.992467759117828 0.0
34.300000000000004 -669.2931957097569 -672.6402640115597 3.347068301802807 2.1481385009564744 0.0
34.4 -669.2931852253314 -671.7105892935944 2.417404068263007 1.551482755403454 0.0
34.5 -669.2932011680621 -672.4823926937875 3.1891915257253998 2.0468136546974085 0.0
34.6 -669.2932091458465 -673.0446075911497 3.7513984453031006 2.4076363868772406 0.0
34.7 -669.2931952659488 -672.4991138005252 3.205918534576336 2.05754899932697 0.0
34.800000000000004 -669.2931962322107 -672.6568556761526 3.363659443941927 2.158786646733687 0.0
34.9 -669.2932041404883 -673.5272382061332 4.23403406564486 2.7173904953998296 0.0
35.0 -669.2932000829946 -674.0689746107106 4.775774527715948 3.0650779159027337 0.0
35.1 -669.2932082161831 -674.410468983809 5.117260767625861 3.284242771039461 0.0
35.2 -669.2932049503934 -673.69772504788 4.404520097486581 2.8268079245802364 0.0
35.300000000000004 -669.2931952881142 -672.5136432254794 3.22044793736519 2.0668739269090666 0.0
35.4 -669.2932003086567 -672.2264215719862 2.9332212633295702 1.8825327000911802 0.0
35.5 -669.2932001478979 -672.5928980102013 3.2996978623034408 2.1177362934959905 0.0
35.6 -669.293206370667 -673.3960975807768 4.102891210109778 2.6332233999902304 0.0
35.7 -669.2932071430099 -673.7238486674734 4.430641524463486 2.8435725788774873 0.0
35.800000000000004 -669.2931970515534 -673.4175140616813 4.124317010127877 2.6469744148434025 0.0
35.9 -669.2932026640163 -673.4982971937018 4.205094529685452 2.698817187122632 0.0
36.0 -669.2932094494096 -673.1557966555016 3.862587206092009 2.47899700350871 0.0
36.1 -669.2931905823534 -671.749215431598 2.4560248492446246 1.5762694579989567 0.0
36.2 -669.2931908162001 -671.7053102183991 2.4121194021989942 1.5480910724101045 0.0
36.300000000000004 -669.2932087458939 -673.0123396770767 3.7191309311828236 2.3869271920948725 0.0
36.4 -669.2932015593224 -673.5727560787566 4.279554519434213 2.7466053875229606 0.0
36.5 -669.2932085741414 -673.6471307355472 4.353922161405815 2.7943343193940247 0.0
36.6 -669.2931932676748 -672.9071743607816 3.6139810931067538 2.3194423381351004 0.0
36.7 -669.2931973731714 -673.0329231386637 3.739725765492293 2.400144895622811 0.0
36.800000000000004 -669.2932074891079 -673.7124615282266 4.419254039118799 2.836264124584869 0.0
36.9 -669.2932018491617 -673.6111182678817 4.317916418719934 2.771225940614478 0.0
37.0 -669.2932009478749 -673.3583697105454 4.065168762670508 2.6090132451956727 0.0
37.1 -669.2932011893205 -673.2559666608893 3.9627654715688 2.54329111693144 0.0
37.2 -669.293201359477 -673.1895727002286 3.896371340751537 2.5006795608513674 0.0
37.300000000000004 -669.2932038338498 -672.9676733135241 3.674469479674238 2.358263605085752 0.0
37.4 -669.2931964779463 -672.3272930333269 3.0340965553806325 1.9472741631002852 0.0
37.5 -669.2931922831825 -672.1775225645448 2.8843302813623275 1.8511546129882566 0.0
37.6 -669.2931991644205 -673.0592702049777 3.7660710405572337 2.4170532149585133 0.0
37.7 -669.2932140051238 -673.7876123622286 4.4943983571047985 2.884491524816557 0.0
37.800000000000004 -669.293198885575 -672.6521982156906 3.3589993301156733 2.155795799512666 0.0
37.9 -669.2931822658942 -671.9844581463411 2.6912758804469803 1.7272528715263409 0.0
38.0 -669.2932158496665 -673.5259029803404 4.232687130673947 2.71652603653362 0.0
38.1 -669.2932063766827 -673.5289761725436 4.235769795860869 2.7185044819002764 0.0
38.2 -669.2931979718859 -672.557134861726 3.263936889840165 2.094785007518758 0.0
38.300000000000004 -669.2931928046031 -672.0487070811974 2.7555142765943783 1.7684808834941859 0.0
38.4 -669.2931982073787 -672.8158922164009 3.5226940090221897 2.260854558538108 0.0
38.5 -669.2932082320947 -674.1803172019256 4.8871089698308765 3.1365320303768156 0.0
38.6 -669.2932112003622 -674.7373900300752 5.444178829713012 3.494057812892426 0.0
38.7 -669.2932113237964 -673.9544758877402 4.6612645639437735 2.991585761054969 0.0
38.800000000000004 -669.2931869460369 -672.4057639336415 3.112576987604614 1.997642671547285 0.0
38.9 -669.2932061658269 -672.7607378712493 3.467531705422354 2.225451555826621 0.0
39.0 -669.2932120624105 -672.8555893221439 3.5623772597334997 2.2863231510523865 0.0
39.1 -669.2931871269736 -671.954277655074 2.6610905281003605 1.707880001989802 0.0
39.2 -669.2932033814159 -672.8629009448059 3.569697563390067 2.2910213002102315 0.0
39.300000000000004 -669.2932089267923 -674.0366108039605 4.74340187716813 3.044301244873248 0.0
39.4 -669.293211796532 -674.0976365754319 4.804424778899909 3.0834655620697364 0.0
39.5 -669.2931965806887 -672.8850701145453 3.5918735338566625 2.3052537722305093 0.0
39.6 -669.2931926480658 -672.3228990897007 3.0297064416349917 1.9444566011295572 0.0
39.7 -669.2932114342598 -672.7627462663185 3.4695348320587356 2.2267371565559473 0.0
39.800000000000004 -669.2931949352804 -672.2491537242205 2.955958788940012 1.897125576535908 0.0
39.9 -669.2931963195273 -672.4514274723607 3.158231152833435 2.0269433792753695 0.0
40.0 -669.2932082671472 -673.4259724485818 4.132764181434545 2.652395784314188 0.0
40.1 -669.2932017683812 -673.7416659776666 4.448464209285327 2.855011125092869 0.0
40.2 -669.293207026665 -674.1730451870964 4.8798381604314205 3.13186564648627 0.0
40.300000000000004 -669.2932140457879 -673.9847763545273 4.691562308739488 3.0110307637317213 0.0
40.4 -669.2931916044425 -672.4976898406128 3.2044982361702123 2.056637456025808 0.0
40.5 -669.2931936567642 -672.2633810254488 2.9701873686845843 1.906257436781121 0.0
40.6 -669.29320612879 -673.1515142375094 3.858308108719437 2.4762506915166864 0.0
40.7 -669.2932045060311 -673.4762891021829 4.183084596151818 2.68469127711308 0.0
40.800000000000004 -669.2932054328727 -673.4471535679891 4.153948135116381 2.665991582906622 0.0
40.9 -669.2932079369 -672.9555803385514 3.6623724016513997 2.3504997363185876 0.0
41.0 -669.2931876710356 -672.3460158691735 3.0528281981378225 1.9592960758205036 0.0
41.1 -669.2932156485186 -673.4286421925962 4.135426544077497 2.6541044807557137 0.0
41.2 -669.2932056650927 -673.07906444996 3.785858784867313 2.4297529305205376 0.0
41.300000000000004 -669.2931913322301 -671.9184426391039 2.625251306873836 1.684878496188583 0.0
41.4 -669.2931909204885 -671.9500247191578 2.6568337986692963 1.705148045676243 0.0
41.5 -669.2932019587744 -673.2698808298431 3.9766788710687564 2.552220695431211 0.0
41.6 -669.293214625732 -674.2318650224577 4.938650396725587 3.169611165166842 0.0
41.7 -669.2931993689683 -673.4590187595197 4.1658193905514596 2.673610519407274 0.0
41.800000000000004 -669.2931988406798 -672.7802923173814 3.4870934767015975 2.238006242568213 0.0
41.9 -669.2931979731716 -672.7072967099651 3.41409873679356 2.191158435166344 0.0
42.0 -669.2932049577464 -673.2530689179081 3.9598639601617194 2.5414289355229642 0.0
42.1 -669.2932103071627 -673.4576866756213 4.164476368458644 2.6727485718146125 0.0
42.2 -669.293192757119 -672.9859168491855 3.6927240920665794 2.3699793611337854 0.0
42.300000000000004 -669.2932112755136 -673.5991755037807 4.305964228267073 2.7635550602596535 0.0
42.4 -669.2932051054748 -673.586059645037 4.292854539562247 2.7551413009625323 0.0
42.5 -669.2932049157318 -673.2330676431606 3.9398627274286966 2.528592203724795 0.0
42.6 -669.2931985540047 -672.8260684315765 3.532869877571801 2.267385400768103 0.0
42.7 -669.2931990178184 -672.9528123805743 3.6596133627558602 2.3487289933451163 0.0
42.800000000000004 -669.2932101448342 -673.2572734923202 3.9640633474860207 2.5441240898426125 0.0
42.9 -669.2931944947007 -672.3884847452526 3.095290250551883 1.9865480950192589 0.0
43.0 -669.2931878046114 -672.1463251475199 2.853137342908437 1.8311350776789006 0.0
43.1 -669.2932074919169 -673.2703272776848 3.9771197857679184 2.552503673176361 0.0
43.2 -669.2932074157983 -673.3591969747614 4.065989558963129 2.609540029819898 0.0
43.300000000000004 -669.2931890929846 -672.5145455502872 3.221356457302633 2.067457012308148 0.0
43.4 -669.2932030755379 -672.9020823515269 3.6088792759889934 2.316168007052703 0.0
43.5 -669.2932042781761 -673.1396409237647 3.8464366455885632 2.4686316217174893 0.0
43.6 -669.2931925324032 -673.1836317434191 3.890439211015983 2.496872337595496 0.0
43.7 -669.2932145674795 -674.1274816446743 4.834267077194766 3.1026182605341455 0.0
43.800000000000004 -669.2932077677688 -673.6310419773156 4.337834209546843 2.784009119644985 0.0
43.9 -669.2931958979892 -672.42843340506 3.135237507070779 2.0121861256771947 0.0
44.0 -669.2931974956963 -672.3390694399519 3.0458719442555817 1.9548315727272083 0.0
44.1 -669.293204880014 -673.2463248530838 3.953119973069877 2.5371006646256733 0.0
44.2 -669.2932098484209 -674.1163838465993 4.82317399817837 3.095498755349134 0.0
44.300000000000004 -669.2932087423283 -673.9686442759706 4.675435533642332 3.0006806473436547 0.0
44.4 -669.2931943741252 -672.7989938604911 3.5057994863659205 2.2500117040455163 0.0
44.5 -669.293191345557 -672.2999172457664 3.0067259002094184 1.9297077578560244 0.0
44.6 -669.2932021442666 -672.7534966183485 3.4602944740819552 2.220806722234708 0.0
44.7 -669.2932023205751 -672.7610656182957 3.467863297720566 2.225664370779344 0.0
44.800000000000004 -669.2932001967973 -672.2019130380758 2.908712841278435 1.866803267567387 0.0
44.9 -669.2931892857931 -671.9075607724964 2.6143714867032655 1.6778958598978038 0.0
45.0 -669.2932042999641 -673.1222866567721 3.8290823568079064 2.4574936906909945 0.0
45.1 -669.2932083611415 -674.2660756421074 4.972867280965852 3.1915714599058815 0.0
45.2 -669.2932097344437 -674.3458563107828 5.052646576338997 3.2427735748665842 0.0
45.300000000000004 -669.2931996659689 -673.3782641539681 4.085064487999095 2.6217822626548544 0.0
45.4 -669.2931977351827 -672.7982293275247 3.505031592341946 2.249518871940278 0.0
45.5 -669.2932115142333 -672.8812423745951 3.58803086036175 2.3027875557877255 0.0
45.6 -669.2931979690646 -672.3023770372438 3.0091790681791295 1.9312821937772189 0.0
45.7 -669.2931962795326 -672.7004462511878 3.407249971655272 2.1867629180298573 0.0
45.800000000000004 -669.2932158287534 -674.1870260319388 4.893810203185375 3.1408328620523864 0.0
45.9 -669.2932132053787 -674.1400132296842 4.846800024305531 3.110661868788146 0.0
46.0 -669.2931903606162 -672.7243521581794 3.4311617975631554 2.202109456919795 0.0
46.1 -669.2931950120778 -672.8009660107844 3.507770998706502 2.251277014813639 0.0
46.2 -669.2932129261934 -673.7446038998279 4.451390973634485 2.856889513764611 0.0
46.300000000000004 -669.2932041956901 -673.1700358147353 3.876831619045189 2.4881390254602094 0.0
46.4 -669.293196128537 -671.991672774578 2.6984766460409437 1.7318743015104332 0.0
46.5 -669.2931934037908 -671.632900648674 2.339707244883099 1.5016171647865857 0.0
46.6 -669.2932030912848 -672.3869507401256 3.0937476488408 1.9855580578200078 0.0
46.7 -669.2931990382659 -673.221391659593 3.9281926213270837 2.521102364269287 0.0
46.800000000000004 -669.2932114414152 -674.1694041866247 4.876192745209396 3.1295260298175025 0.0
46.9 -669.2932095644146 -673.8341913823593 4.540981817944745 2.914388651709423 0.0
47.0 -669.293188973452 -672.8762027024745 3.583013729022621 2.29956757578668 0.0
47.1 -669.2932126183283 -673.6504476654823 4.357235047153938 2.7964605196334937 0.0
47.2 -669.2932140446427 -673.7531238241235 4.459909779480786 2.8623568580703 0.0
47.300000000000004 -669.2932007435091 -672.8495790356317 3.556378292122485 2.28247303144644 0.0
47.4 -669.2932033314977 -672.4539026409021 3.1606993094044595 2.0285274348363957 0.0
47.5 -669.2931982776457 -672.2409378486091 2.94773957096339 1.8918505068357092 0.0
47.6 -669.2931948966088 -672.6003751638847 3.3071802672758217 2.1225384787971575 0.0
47.7 -669.2932082724084 -673.7170886309542 4.423880358545867 2.8392332826608047 0.0
47.800000000000004 -669.2932085396384 -674.0145822806732 4.721373741034717 3.0301636524891884 0.0
47.9 -669.2932049108791 -673.4285389212617 4.135334010382641 2.654045092905024 0.0
48.0 -669.2931998459115 -672.8673303832522 3.5741305373406704 2.293866369733282 0.0
48.1 -669.2932074711255 -672.8746145597753 3.5814070886498044 2.298536438764415 0.0
48.2 -669.2932046529193 -672.4987419223017 3.20553726938252 2.057304304457293 0.0
48.300000000000004 -669.2931900402231 -671.8966381228462 2.603448082623126 1.6708852515832335 0.0
48.4 -669.2931991974367 -672.6952121939768 3.402012996540082 2.1834018429459006 0.0
48.5 -669.2932159102085 -673.6604272066727 4.367211296464182 2.802863246828195 0.0
48.6 -669.2931986464494 -672.9791095852808 3.6859109388314186 2.3656066996110185 0.0
48.7 -669.2931981186257 -672.8306475170799 3.5374493984541773 2.2703245236769685 0.0
48.800000000000004 -669.2932082147456 -673.5784883393703 4.285280124624745 2.7502800639388654 0.0
48.9 -669.2932057736908 -674.0937257667697 4.80051999307881 3.080959482120375 0.0
49.0 -669.2932221343208 -674.0384172394873 4.745195105166503 3.0454521332797446 0.0
49.1 -669.2931938321708 -671.9388650063846 2.6456711742137666 1.697983906434828 0.0
49.2 -669.2931792906331 -671.3877631594166 2.0945838687834977 1.344297709608342 0.0
49.300000000000004 -669.2932218481359 -674.0429439394189 4.749722091283074 3.0483575395318563 0.0
49.4 -669.2932259574576 -674.4710356359045 5.177809678446936 3.323102882276413 0.0
49.5 -669.2931807718321 -672.165026316493 2.8718455446608635 1.8431419460318417 0.0
49.6 -669.293195059646 -672.5716467028044 3.278451643158359 2.1041005331140687 0.0
49.7 -669.2932180471515 -674.2432606248306 4.950042577679055 3.1769226330872393 0.0
49.800000000000004 -669.2932116160688 -673.8783802689602 4.585168652891374 2.9427476312178893 0.0
49.9 -669.2931967867 -672.1327276728421 2.8395308861419726 1.8224024941143824 0.0
50.0 -669.2931880605058 -671.2741236503083 1.9809355898024434 1.2713585815017687 0.0
